n	t       V1      V2
0	-2.46e-06	-0.496	0.0
1	-2.458e-06	-0.496	0.0
2	-2.4560000000000003e-06	-0.496	0.0
3	-2.454e-06	-0.496	0.0
4	-2.452e-06	-0.496	0.0
5	-2.4500000000000003e-06	-0.496	0.0
6	-2.448e-06	-0.496	0.0
7	-2.446e-06	-0.496	0.0
8	-2.4440000000000002e-06	-0.496	0.0
9	-2.442e-06	-0.496	0.0
10	-2.4400000000000004e-06	-0.496	0.0
11	-2.438e-06	-0.496	0.0
12	-2.436e-06	-0.496	0.0
13	-2.4340000000000003e-06	-0.496	0.0
14	-2.432e-06	-0.496	0.0
15	-2.43e-06	-0.496	0.0
16	-2.4280000000000003e-06	-0.496	0.0
17	-2.426e-06	-0.496	0.0
18	-2.424e-06	-0.496	0.0
19	-2.4220000000000003e-06	-0.496	0.0
20	-2.42e-06	-0.496	0.0
21	-2.418e-06	-0.496	0.0
22	-2.4160000000000002e-06	-0.496	0.0
23	-2.414e-06	-0.496	0.0
24	-2.412e-06	-0.496	0.0
25	-2.4100000000000002e-06	-0.496	0.0
26	-2.408e-06	-0.496	0.0
27	-2.4060000000000003e-06	-0.496	0.0
28	-2.404e-06	-0.496	0.0
29	-2.402e-06	-0.496	0.0
30	-2.4000000000000003e-06	-0.496	0.0
31	-2.398e-06	-0.496	0.0
32	-2.396e-06	-0.496	0.0
33	-2.3940000000000003e-06	-0.496	0.0
34	-2.392e-06	-0.496	0.0
35	-2.39e-06	-0.496	-0.008
36	-2.3880000000000003e-06	-0.496	0.0
37	-2.386e-06	-0.496	0.0
38	-2.384e-06	-0.496	0.0
39	-2.3820000000000002e-06	-0.496	0.0
40	-2.38e-06	-0.496	0.0
41	-2.3780000000000004e-06	-0.496	0.0
42	-2.376e-06	-0.496	0.0
43	-2.374e-06	-0.496	0.0
44	-2.3720000000000003e-06	-0.496	0.0
45	-2.37e-06	-0.496	0.0
46	-2.368e-06	-0.488	0.0
47	-2.3660000000000003e-06	-0.496	0.0
48	-2.364e-06	-0.496	0.0
49	-2.362e-06	-0.496	0.0
50	-2.3600000000000003e-06	-0.496	0.0
51	-2.358e-06	-0.496	0.0
52	-2.356e-06	-0.496	0.0
53	-2.3540000000000002e-06	-0.496	0.0
54	-2.352e-06	-0.496	0.0
55	-2.3500000000000004e-06	-0.496	0.0
56	-2.3480000000000002e-06	-0.496	0.0
57	-2.346e-06	-0.496	0.0
58	-2.3440000000000003e-06	-0.496	0.0
59	-2.342e-06	-0.496	0.0
60	-2.34e-06	-0.496	0.0
61	-2.3380000000000003e-06	-0.496	0.0
62	-2.336e-06	-0.496	0.0
63	-2.334e-06	-0.496	0.0
64	-2.3320000000000003e-06	-0.496	0.0
65	-2.33e-06	-0.496	0.0
66	-2.328e-06	-0.496	0.0
67	-2.3260000000000003e-06	-0.496	0.0
68	-2.324e-06	-0.496	0.0
69	-2.322e-06	-0.496	0.0
70	-2.3200000000000002e-06	-0.496	0.0
71	-2.318e-06	-0.496	0.0
72	-2.3160000000000004e-06	-0.496	0.0
73	-2.314e-06	-0.496	0.0
74	-2.312e-06	-0.496	0.0
75	-2.3100000000000003e-06	-0.496	0.0
76	-2.308e-06	-0.496	0.0
77	-2.306e-06	-0.496	0.0
78	-2.3040000000000003e-06	-0.496	0.0
79	-2.302e-06	-0.496	0.0
80	-2.3e-06	-0.496	0.0
81	-2.2980000000000003e-06	-0.496	0.0
82	-2.296e-06	-0.496	0.0
83	-2.294e-06	-0.496	0.0
84	-2.2920000000000002e-06	-0.496	0.0
85	-2.29e-06	-0.496	0.0
86	-2.288e-06	-0.496	0.0
87	-2.2860000000000002e-06	-0.496	0.0
88	-2.284e-06	-0.496	0.0
89	-2.2820000000000003e-06	-0.496	0.0
90	-2.28e-06	-0.496	0.0
91	-2.278e-06	-0.496	0.0
92	-2.2760000000000003e-06	-0.496	0.0
93	-2.274e-06	-0.496	0.0
94	-2.272e-06	-0.496	0.0
95	-2.2700000000000003e-06	-0.496	0.0
96	-2.268e-06	-0.496	0.0
97	-2.266e-06	-0.496	0.0
98	-2.2640000000000003e-06	-0.496	0.0
99	-2.262e-06	-0.496	0.0
100	-2.26e-06	-0.496	0.0
101	-2.2580000000000002e-06	-0.496	0.0
102	-2.256e-06	-0.496	0.0
103	-2.254e-06	-0.496	0.0
104	-2.252e-06	-0.496	0.0
105	-2.25e-06	-0.496	0.0
106	-2.2480000000000003e-06	-0.496	0.0
107	-2.246e-06	-0.496	0.0
108	-2.244e-06	-0.496	0.0
109	-2.2420000000000003e-06	-0.496	0.0
110	-2.24e-06	-0.496	0.0
111	-2.238e-06	-0.496	0.0
112	-2.2360000000000003e-06	-0.496	0.0
113	-2.234e-06	-0.496	0.0
114	-2.232e-06	-0.496	0.0
115	-2.2300000000000002e-06	-0.496	0.0
116	-2.228e-06	-0.496	0.0
117	-2.2260000000000004e-06	-0.496	0.0
118	-2.2240000000000002e-06	-0.496	0.0
119	-2.222e-06	-0.496	0.0
120	-2.22e-06	-0.496	0.0
121	-2.218e-06	-0.496	0.0
122	-2.216e-06	-0.496	0.0
123	-2.2140000000000003e-06	-0.496	0.0
124	-2.212e-06	-0.496	0.0
125	-2.21e-06	-0.496	0.0
126	-2.2080000000000003e-06	-0.496	0.0
127	-2.206e-06	-0.496	0.0
128	-2.204e-06	-0.496	0.0
129	-2.2020000000000003e-06	-0.496	0.0
130	-2.2e-06	-0.496	0.0
131	-2.198e-06	-0.496	0.0
132	-2.1960000000000002e-06	-0.496	0.0
133	-2.194e-06	-0.496	0.0
134	-2.1920000000000004e-06	-0.496	0.0
135	-2.19e-06	-0.496	0.0
136	-2.188e-06	-0.496	0.0
137	-2.1860000000000003e-06	-0.496	0.0
138	-2.184e-06	-0.496	0.0
139	-2.182e-06	-0.496	0.0
140	-2.1800000000000003e-06	-0.496	-0.008
141	-2.178e-06	-0.496	0.0
142	-2.176e-06	-0.496	0.0
143	-2.1740000000000003e-06	-0.496	0.0
144	-2.172e-06	-0.496	0.0
145	-2.17e-06	-0.488	0.0
146	-2.1680000000000002e-06	-0.496	0.0
147	-2.166e-06	-0.496	0.0
148	-2.164e-06	-0.496	0.0
149	-2.1620000000000002e-06	-0.496	0.0
150	-2.16e-06	-0.496	0.0
151	-2.1580000000000003e-06	-0.496	0.0
152	-2.156e-06	-0.496	0.0
153	-2.154e-06	-0.496	0.0
154	-2.1520000000000003e-06	-0.496	0.0
155	-2.15e-06	-0.496	0.0
156	-2.148e-06	-0.496	0.0
157	-2.1460000000000003e-06	-0.496	0.0
158	-2.144e-06	-0.496	0.0
159	-2.142e-06	-0.496	0.0
160	-2.1400000000000003e-06	-0.496	0.0
161	-2.138e-06	-0.496	0.0
162	-2.136e-06	-0.496	0.0
163	-2.1340000000000002e-06	-0.496	-0.008
164	-2.132e-06	-0.496	0.0
165	-2.13e-06	-0.496	0.0
166	-2.128e-06	-0.496	0.0
167	-2.126e-06	-0.496	0.0
168	-2.1240000000000003e-06	-0.496	0.0
169	-2.122e-06	-0.496	0.0
170	-2.12e-06	-0.496	0.0
171	-2.1180000000000003e-06	-0.496	0.0
172	-2.116e-06	-0.496	0.0
173	-2.114e-06	-0.496	0.0
174	-2.1120000000000003e-06	-0.496	0.0
175	-2.11e-06	-0.496	0.0
176	-2.108e-06	-0.496	0.0
177	-2.1060000000000002e-06	-0.496	0.0
178	-2.104e-06	-0.496	0.0
179	-2.1020000000000004e-06	-0.496	0.0
180	-2.1000000000000002e-06	-0.496	0.0
181	-2.098e-06	-0.496	0.0
182	-2.096e-06	-0.496	0.0
183	-2.094e-06	-0.496	0.0
184	-2.092e-06	-0.496	0.0
185	-2.0900000000000003e-06	-0.496	0.0
186	-2.088e-06	-0.496	0.0
187	-2.086e-06	-0.496	0.0
188	-2.0840000000000003e-06	-0.496	0.0
189	-2.082e-06	-0.496	0.0
190	-2.08e-06	-0.496	0.0
191	-2.0780000000000003e-06	-0.496	0.0
192	-2.076e-06	-0.496	0.0
193	-2.074e-06	-0.496	0.0
194	-2.0720000000000002e-06	-0.496	0.0
195	-2.07e-06	-0.496	0.0
196	-2.0680000000000004e-06	-0.496	0.0
197	-2.066e-06	-0.496	0.0
198	-2.064e-06	-0.496	0.0
199	-2.062e-06	-0.496	0.0
200	-2.06e-06	-0.496	0.0
201	-2.058e-06	-0.496	0.0
202	-2.0560000000000003e-06	-0.496	0.0
203	-2.054e-06	-0.496	0.0
204	-2.052e-06	-0.496	0.0
205	-2.0500000000000003e-06	-0.496	0.0
206	-2.048e-06	-0.496	0.0
207	-2.046e-06	-0.496	0.0
208	-2.0440000000000003e-06	-0.496	0.0
209	-2.042e-06	-0.496	0.0
210	-2.04e-06	-0.496	0.0
211	-2.0380000000000002e-06	-0.496	0.0
212	-2.036e-06	-0.496	0.0
213	-2.0340000000000003e-06	-0.496	0.0
214	-2.032e-06	-0.496	0.0
215	-2.03e-06	-0.496	0.0
216	-2.0280000000000003e-06	-0.496	0.0
217	-2.026e-06	-0.496	0.0
218	-2.024e-06	-0.496	0.0
219	-2.0220000000000003e-06	-0.496	0.0
220	-2.02e-06	-0.496	0.0
221	-2.018e-06	-0.496	0.0
222	-2.0160000000000003e-06	-0.496	0.0
223	-2.014e-06	-0.496	0.0
224	-2.012e-06	-0.496	0.0
225	-2.0100000000000002e-06	-0.496	0.0
226	-2.008e-06	-0.496	0.0
227	-2.006e-06	-0.496	0.0
228	-2.004e-06	-0.496	0.0
229	-2.002e-06	-0.496	0.0
230	-2.0000000000000003e-06	-0.496	0.0
231	-1.998e-06	-0.496	0.0
232	-1.996e-06	-0.496	0.0
233	-1.9940000000000003e-06	-0.496	0.0
234	-1.992e-06	-0.496	0.0
235	-1.99e-06	-0.496	0.0
236	-1.9880000000000003e-06	-0.496	0.0
237	-1.986e-06	-0.496	0.0
238	-1.984e-06	-0.496	0.0
239	-1.9820000000000003e-06	-0.496	0.0
240	-1.98e-06	-0.496	0.0
241	-1.9780000000000004e-06	-0.496	0.0
242	-1.9760000000000002e-06	-0.496	0.0
243	-1.974e-06	-0.496	0.0
244	-1.972e-06	-0.496	0.0
245	-1.97e-06	-0.496	0.0
246	-1.968e-06	-0.496	0.0
247	-1.9660000000000003e-06	-0.496	0.0
248	-1.964e-06	-0.496	0.0
249	-1.962e-06	-0.496	0.0
250	-1.96e-06	-0.496	0.0
251	-1.958e-06	-0.496	0.0
252	-1.956e-06	-0.496	0.0
253	-1.9540000000000003e-06	-0.496	0.0
254	-1.952e-06	-0.496	0.0
255	-1.95e-06	-0.496	0.0
256	-1.9480000000000002e-06	-0.496	0.0
257	-1.946e-06	-0.496	0.0
258	-1.9440000000000004e-06	-0.496	0.0
259	-1.942e-06	-0.496	0.0
260	-1.94e-06	-0.496	0.0
261	-1.938e-06	-0.496	0.0
262	-1.936e-06	-0.496	0.0
263	-1.934e-06	-0.496	0.0
264	-1.9320000000000003e-06	-0.496	0.0
265	-1.93e-06	-0.496	0.0
266	-1.928e-06	-0.496	0.0
267	-1.9260000000000003e-06	-0.496	0.0
268	-1.924e-06	-0.496	0.0
269	-1.922e-06	-0.496	0.0
270	-1.9200000000000003e-06	-0.496	0.0
271	-1.918e-06	-0.496	0.0
272	-1.916e-06	-0.496	0.0
273	-1.9140000000000002e-06	-0.496	0.0
274	-1.912e-06	-0.496	0.0
275	-1.9100000000000003e-06	-0.496	0.0
276	-1.908e-06	-0.496	0.0
277	-1.906e-06	-0.496	0.0
278	-1.9040000000000001e-06	-0.496	0.0
279	-1.9020000000000002e-06	-0.496	0.0
280	-1.9e-06	-0.496	0.0
281	-1.898e-06	-0.496	0.0
282	-1.8960000000000001e-06	-0.496	0.0
283	-1.894e-06	-0.496	0.0
284	-1.8920000000000003e-06	-0.496	0.0
285	-1.8900000000000001e-06	-0.496	0.0
286	-1.8880000000000002e-06	-0.496	0.0
287	-1.8860000000000002e-06	-0.496	0.0
288	-1.884e-06	-0.496	0.0
289	-1.8820000000000001e-06	-0.496	0.0
290	-1.8800000000000002e-06	-0.496	0.0
291	-1.878e-06	-0.496	0.0
292	-1.8760000000000001e-06	-0.496	0.0
293	-1.8740000000000002e-06	-0.496	0.0
294	-1.872e-06	-0.496	0.0
295	-1.87e-06	-0.496	0.0
296	-1.8680000000000002e-06	-0.496	0.0
297	-1.866e-06	-0.496	0.0
298	-1.8640000000000003e-06	-0.496	0.0
299	-1.8620000000000001e-06	-0.496	0.0
300	-1.86e-06	-0.496	0.0
301	-1.8580000000000003e-06	-0.496	0.0
302	-1.856e-06	-0.496	0.0
303	-1.8540000000000002e-06	-0.496	0.0
304	-1.8520000000000002e-06	-0.496	0.0
305	-1.85e-06	-0.496	0.0
306	-1.8480000000000001e-06	-0.496	0.0
307	-1.8460000000000002e-06	-0.496	0.0
308	-1.844e-06	-0.496	0.0
309	-1.8420000000000001e-06	-0.496	0.0
310	-1.8400000000000002e-06	-0.496	0.0
311	-1.838e-06	-0.496	0.0
312	-1.836e-06	-0.496	0.0
313	-1.8340000000000001e-06	-0.496	0.0
314	-1.832e-06	-0.496	0.0
315	-1.8300000000000003e-06	-0.496	0.0
316	-1.8280000000000001e-06	-0.496	0.0
317	-1.826e-06	-0.496	0.0
318	-1.8240000000000002e-06	-0.496	0.0
319	-1.822e-06	-0.496	0.0
320	-1.8200000000000002e-06	-0.496	0.0
321	-1.8180000000000002e-06	-0.496	0.0
322	-1.816e-06	-0.496	0.0
323	-1.8140000000000001e-06	-0.496	0.0
324	-1.8120000000000002e-06	-0.496	0.0
325	-1.81e-06	-0.496	0.0
326	-1.808e-06	-0.496	0.0
327	-1.8060000000000002e-06	-0.496	0.0
328	-1.804e-06	-0.496	0.0
329	-1.8020000000000003e-06	-0.496	0.0
330	-1.8000000000000001e-06	-0.496	0.0
331	-1.798e-06	-0.496	0.0
332	-1.7960000000000003e-06	-0.496	0.0
333	-1.794e-06	-0.496	0.0
334	-1.7920000000000002e-06	-0.496	0.0
335	-1.7900000000000002e-06	-0.496	0.0
336	-1.788e-06	-0.496	0.0
337	-1.7860000000000001e-06	-0.496	0.0
338	-1.7840000000000002e-06	-0.496	0.0
339	-1.782e-06	-0.496	0.0
340	-1.7800000000000001e-06	-0.496	0.0
341	-1.7780000000000002e-06	-0.496	0.0
342	-1.776e-06	-0.496	0.0
343	-1.774e-06	-0.496	0.0
344	-1.7720000000000001e-06	-0.496	0.0
345	-1.77e-06	-0.496	0.0
346	-1.7680000000000003e-06	-0.496	0.0
347	-1.7660000000000001e-06	-0.496	0.0
348	-1.764e-06	-0.496	0.0
349	-1.7620000000000002e-06	-0.496	0.0
350	-1.76e-06	-0.496	0.0
351	-1.7580000000000002e-06	-0.496	0.0
352	-1.7560000000000002e-06	-0.496	0.0
353	-1.754e-06	-0.496	0.0
354	-1.7520000000000001e-06	-0.496	0.0
355	-1.7500000000000002e-06	-0.504	0.0
356	-1.748e-06	-0.496	0.0
357	-1.746e-06	-0.496	0.0
358	-1.7440000000000002e-06	-0.496	0.0
359	-1.742e-06	-0.496	0.0
360	-1.74e-06	-0.496	0.0
361	-1.7380000000000001e-06	-0.496	0.0
362	-1.736e-06	-0.496	0.0
363	-1.7340000000000003e-06	-0.496	0.0
364	-1.732e-06	-0.496	0.0
365	-1.7300000000000002e-06	-0.496	0.0
366	-1.7280000000000002e-06	-0.496	0.0
367	-1.726e-06	-0.496	0.0
368	-1.7240000000000001e-06	-0.496	0.0
369	-1.7220000000000002e-06	-0.496	0.0
370	-1.72e-06	-0.496	0.0
371	-1.7180000000000001e-06	-0.496	0.0
372	-1.7160000000000002e-06	-0.496	0.0
373	-1.714e-06	-0.496	0.0
374	-1.712e-06	-0.496	0.0
375	-1.7100000000000001e-06	-0.496	0.0
376	-1.708e-06	-0.496	0.0
377	-1.7060000000000003e-06	-0.496	0.0
378	-1.7040000000000001e-06	-0.496	0.0
379	-1.702e-06	-0.496	0.0
380	-1.7000000000000002e-06	-0.496	0.0
381	-1.698e-06	-0.496	0.0
382	-1.6960000000000002e-06	-0.496	0.0
383	-1.6940000000000002e-06	-0.496	0.0
384	-1.692e-06	-0.496	0.0
385	-1.6900000000000001e-06	-0.496	0.0
386	-1.6880000000000002e-06	-0.496	0.0
387	-1.686e-06	-0.496	0.0
388	-1.684e-06	-0.496	0.0
389	-1.6820000000000002e-06	-0.496	0.0
390	-1.68e-06	-0.496	0.0
391	-1.678e-06	-0.496	0.0
392	-1.6760000000000001e-06	-0.496	0.0
393	-1.674e-06	-0.496	0.0
394	-1.6720000000000003e-06	-0.496	0.0
395	-1.67e-06	-0.496	0.0
396	-1.6680000000000002e-06	-0.496	0.0
397	-1.6660000000000002e-06	-0.496	0.0
398	-1.664e-06	-0.496	0.0
399	-1.6620000000000001e-06	-0.496	0.0
400	-1.6600000000000002e-06	-0.496	0.0
401	-1.658e-06	-0.496	0.0
402	-1.6560000000000001e-06	-0.496	0.0
403	-1.6540000000000002e-06	-0.496	0.0
404	-1.652e-06	-0.496	0.0
405	-1.65e-06	-0.496	0.0
406	-1.6480000000000001e-06	-0.496	0.0
407	-1.646e-06	-0.496	0.0
408	-1.6440000000000003e-06	-0.496	0.0
409	-1.6420000000000001e-06	-0.496	0.0
410	-1.64e-06	-0.496	0.0
411	-1.6380000000000002e-06	-0.496	0.0
412	-1.636e-06	-0.496	0.0
413	-1.6340000000000002e-06	-0.496	0.0
414	-1.6320000000000002e-06	-0.496	0.0
415	-1.63e-06	-0.496	0.0
416	-1.6280000000000001e-06	-0.496	0.0
417	-1.6260000000000002e-06	-0.496	0.0
418	-1.624e-06	-0.496	0.0
419	-1.622e-06	-0.496	0.0
420	-1.6200000000000002e-06	-0.496	0.0
421	-1.618e-06	-0.496	0.0
422	-1.616e-06	-0.496	0.0
423	-1.6140000000000001e-06	-0.496	0.0
424	-1.612e-06	-0.496	0.0
425	-1.6100000000000003e-06	-0.496	0.0
426	-1.608e-06	-0.496	0.0
427	-1.606e-06	-0.496	0.0
428	-1.6040000000000002e-06	-0.496	0.0
429	-1.602e-06	-0.496	0.0
430	-1.6000000000000001e-06	-0.496	0.0
431	-1.5980000000000002e-06	-0.496	0.0
432	-1.596e-06	-0.496	0.0
433	-1.5940000000000001e-06	-0.496	0.0
434	-1.5920000000000002e-06	-0.496	0.0
435	-1.59e-06	-0.496	0.0
436	-1.588e-06	-0.496	0.0
437	-1.5860000000000001e-06	-0.496	0.0
438	-1.584e-06	-0.496	0.0
439	-1.582e-06	-0.496	0.0
440	-1.5800000000000001e-06	-0.496	0.0
441	-1.578e-06	-0.496	0.0
442	-1.5760000000000002e-06	-0.496	0.0
443	-1.574e-06	-0.496	0.0
444	-1.5720000000000002e-06	-0.496	0.0
445	-1.5700000000000002e-06	-0.496	0.0
446	-1.568e-06	-0.496	0.0
447	-1.5660000000000001e-06	-0.496	0.0
448	-1.5640000000000002e-06	-0.496	0.0
449	-1.562e-06	-0.496	0.0
450	-1.56e-06	-0.496	0.0
451	-1.5580000000000002e-06	-0.496	0.0
452	-1.556e-06	-0.496	0.0
453	-1.554e-06	-0.496	0.0
454	-1.5520000000000001e-06	-0.496	0.0
455	-1.55e-06	-0.496	0.0
456	-1.5480000000000003e-06	-0.496	0.0
457	-1.546e-06	-0.496	0.0
458	-1.544e-06	-0.496	0.0
459	-1.5420000000000002e-06	-0.496	0.0
460	-1.54e-06	-0.496	0.0
461	-1.5380000000000001e-06	-0.496	0.0
462	-1.5360000000000002e-06	-0.496	0.0
463	-1.534e-06	-0.496	0.0
464	-1.5320000000000001e-06	-0.496	0.0
465	-1.5300000000000002e-06	-0.496	0.0
466	-1.528e-06	-0.496	0.0
467	-1.526e-06	-0.496	0.0
468	-1.5240000000000001e-06	-0.496	0.0
469	-1.522e-06	-0.496	0.0
470	-1.52e-06	-0.496	0.0
471	-1.5180000000000001e-06	-0.496	0.0
472	-1.516e-06	-0.496	0.0
473	-1.5140000000000002e-06	-0.496	0.0
474	-1.512e-06	-0.504	0.0
475	-1.5100000000000002e-06	-0.496	0.0
476	-1.5080000000000002e-06	-0.496	0.0
477	-1.506e-06	-0.496	0.0
478	-1.5040000000000001e-06	-0.496	0.0
479	-1.5020000000000002e-06	-0.496	0.0
480	-1.5e-06	-0.496	0.0
481	-1.498e-06	-0.496	0.0
482	-1.4960000000000002e-06	-0.504	0.0
483	-1.494e-06	-0.496	0.0
484	-1.492e-06	-0.496	0.0
485	-1.4900000000000001e-06	-0.496	0.0
486	-1.4880000000000002e-06	-0.496	0.0
487	-1.486e-06	-0.496	0.0
488	-1.4840000000000001e-06	-0.496	0.0
489	-1.4820000000000002e-06	-0.496	0.0
490	-1.48e-06	-0.496	0.0
491	-1.478e-06	-0.496	0.0
492	-1.4760000000000001e-06	-0.496	0.0
493	-1.4740000000000002e-06	-0.496	0.0
494	-1.472e-06	-0.496	0.0
495	-1.4700000000000001e-06	-0.496	0.0
496	-1.4680000000000002e-06	-0.496	0.0
497	-1.466e-06	-0.496	0.0
498	-1.464e-06	-0.496	0.0
499	-1.4620000000000001e-06	-0.496	0.0
500	-1.46e-06	-0.496	0.0
501	-1.458e-06	-0.496	0.0
502	-1.4560000000000001e-06	-0.496	0.0
503	-1.4540000000000002e-06	-0.496	0.0
504	-1.452e-06	-0.496	0.0
505	-1.45e-06	-0.496	0.0
506	-1.4480000000000002e-06	-0.496	0.0
507	-1.446e-06	-0.496	0.0
508	-1.444e-06	-0.496	0.0
509	-1.4420000000000001e-06	-0.496	0.0
510	-1.4400000000000002e-06	-0.496	0.0
511	-1.438e-06	-0.496	0.0
512	-1.436e-06	-0.496	0.0
513	-1.4340000000000002e-06	-0.496	0.0
514	-1.432e-06	-0.496	0.0
515	-1.43e-06	-0.496	0.0
516	-1.4280000000000001e-06	-0.496	0.0
517	-1.4260000000000002e-06	-0.496	0.0
518	-1.424e-06	-0.496	0.0
519	-1.4220000000000001e-06	-0.496	0.0
520	-1.4200000000000002e-06	-0.504	0.0
521	-1.418e-06	-0.496	0.0
522	-1.416e-06	-0.496	0.0
523	-1.4140000000000001e-06	-0.496	0.0
524	-1.4120000000000002e-06	-0.496	0.0
525	-1.41e-06	-0.496	0.0
526	-1.4080000000000001e-06	-0.496	0.0
527	-1.4060000000000002e-06	-0.496	0.0
528	-1.404e-06	-0.496	0.0
529	-1.402e-06	-0.496	0.0
530	-1.4000000000000001e-06	-0.496	0.0
531	-1.398e-06	-0.496	0.0
532	-1.396e-06	-0.496	0.0
533	-1.3940000000000001e-06	-0.496	0.0
534	-1.3920000000000002e-06	-0.496	0.0
535	-1.39e-06	-0.496	0.0
536	-1.388e-06	-0.496	0.0
537	-1.3860000000000002e-06	-0.496	0.0
538	-1.384e-06	-0.496	0.0
539	-1.382e-06	-0.496	0.0
540	-1.3800000000000001e-06	-0.496	0.0
541	-1.3780000000000002e-06	-0.496	0.0
542	-1.376e-06	-0.496	0.0
543	-1.374e-06	-0.496	0.0
544	-1.3720000000000002e-06	-0.496	0.0
545	-1.37e-06	-0.496	0.0
546	-1.368e-06	-0.496	0.0
547	-1.3660000000000001e-06	-0.496	0.0
548	-1.3640000000000002e-06	-0.504	0.0
549	-1.362e-06	-0.496	0.0
550	-1.3600000000000001e-06	-0.496	0.0
551	-1.3580000000000002e-06	-0.496	0.0
552	-1.356e-06	-0.496	0.0
553	-1.354e-06	-0.504	0.0
554	-1.3520000000000001e-06	-0.496	0.0
555	-1.35e-06	-0.496	0.0
556	-1.348e-06	-0.496	0.0
557	-1.3460000000000001e-06	-0.496	0.0
558	-1.3440000000000002e-06	-0.496	0.0
559	-1.342e-06	-0.504	0.0
560	-1.34e-06	-0.496	0.0
561	-1.3380000000000001e-06	-0.496	0.0
562	-1.336e-06	-0.496	0.0
563	-1.334e-06	-0.496	0.0
564	-1.3320000000000001e-06	-0.496	0.0
565	-1.3300000000000002e-06	-0.496	0.0
566	-1.328e-06	-0.496	0.0
567	-1.326e-06	-0.496	0.0
568	-1.3240000000000002e-06	-0.496	0.0
569	-1.322e-06	-0.496	0.0
570	-1.32e-06	-0.496	0.0
571	-1.3180000000000001e-06	-0.496	0.0
572	-1.3160000000000002e-06	-0.496	0.0
573	-1.314e-06	-0.496	0.0
574	-1.312e-06	-0.496	0.0
575	-1.3100000000000002e-06	-0.496	0.0
576	-1.308e-06	-0.496	0.0
577	-1.306e-06	-0.496	0.0
578	-1.3040000000000001e-06	-0.496	0.0
579	-1.3020000000000002e-06	-0.496	0.0
580	-1.3e-06	-0.496	0.0
581	-1.2980000000000001e-06	-0.496	0.0
582	-1.2960000000000002e-06	-0.496	0.0
583	-1.294e-06	-0.496	0.0
584	-1.292e-06	-0.496	0.0
585	-1.2900000000000001e-06	-0.496	0.0
586	-1.288e-06	-0.504	0.0
587	-1.286e-06	-0.496	0.0
588	-1.2840000000000001e-06	-0.496	0.0
589	-1.2820000000000002e-06	-0.496	0.0
590	-1.28e-06	-0.496	0.0
591	-1.278e-06	-0.496	0.0
592	-1.2760000000000001e-06	-0.496	0.0
593	-1.274e-06	-0.496	0.0
594	-1.272e-06	-0.496	0.0
595	-1.2700000000000001e-06	-0.496	0.0
596	-1.2680000000000002e-06	-0.496	0.0
597	-1.266e-06	-0.496	0.0
598	-1.264e-06	-0.496	0.0
599	-1.2620000000000002e-06	-0.496	0.0
600	-1.26e-06	-0.496	0.0
601	-1.258e-06	-0.496	0.0
602	-1.2560000000000001e-06	-0.496	0.0
603	-1.2540000000000002e-06	-0.496	0.0
604	-1.252e-06	-0.496	0.0
605	-1.25e-06	-0.496	0.0
606	-1.2480000000000002e-06	-0.496	0.0
607	-1.246e-06	-0.496	0.0
608	-1.244e-06	-0.496	0.0
609	-1.2420000000000001e-06	-0.496	0.0
610	-1.24e-06	-0.504	0.0
611	-1.238e-06	-0.504	0.0
612	-1.2360000000000001e-06	-0.496	0.0
613	-1.2340000000000002e-06	-0.496	0.0
614	-1.232e-06	-0.496	0.0
615	-1.23e-06	-0.496	0.0
616	-1.2280000000000001e-06	-0.504	0.0
617	-1.226e-06	-0.496	0.0
618	-1.224e-06	-0.496	0.0
619	-1.2220000000000001e-06	-0.504	0.0
620	-1.2200000000000002e-06	-0.496	0.0
621	-1.218e-06	-0.496	0.0
622	-1.216e-06	-0.496	0.0
623	-1.2140000000000002e-06	-0.496	0.0
624	-1.212e-06	-0.496	0.0
625	-1.21e-06	-0.504	0.0
626	-1.2080000000000001e-06	-0.504	0.0
627	-1.2060000000000002e-06	-0.496	0.0
628	-1.204e-06	-0.496	0.0
629	-1.202e-06	-0.496	0.0
630	-1.2000000000000002e-06	-0.496	0.0
631	-1.198e-06	-0.504	0.0
632	-1.196e-06	-0.496	0.0
633	-1.1940000000000001e-06	-0.496	0.0
634	-1.192e-06	-0.496	0.0
635	-1.19e-06	-0.496	0.0
636	-1.188e-06	-0.496	0.0
637	-1.1860000000000002e-06	-0.496	0.0
638	-1.184e-06	-0.504	0.0
639	-1.182e-06	-0.496	0.0
640	-1.1800000000000001e-06	-0.496	0.0
641	-1.178e-06	-0.504	0.0
642	-1.176e-06	-0.496	0.0
643	-1.1740000000000001e-06	-0.496	0.0
644	-1.1720000000000002e-06	-0.504	0.0
645	-1.17e-06	-0.496	0.0
646	-1.168e-06	-0.496	0.0
647	-1.1660000000000001e-06	-0.504	0.0
648	-1.164e-06	-0.496	0.0
649	-1.162e-06	-0.504	0.0
650	-1.1600000000000001e-06	-0.496	0.0
651	-1.1580000000000002e-06	-0.496	0.0
652	-1.156e-06	-0.504	0.0
653	-1.154e-06	-0.496	0.0
654	-1.1520000000000002e-06	-0.504	0.0
655	-1.15e-06	-0.496	0.0
656	-1.148e-06	-0.496	0.0
657	-1.1460000000000001e-06	-0.496	0.0
658	-1.1440000000000002e-06	-0.496	0.0
659	-1.142e-06	-0.496	0.0
660	-1.14e-06	-0.496	0.0
661	-1.1380000000000002e-06	-0.496	0.0
662	-1.136e-06	-0.496	0.0
663	-1.134e-06	-0.504	0.0
664	-1.1320000000000001e-06	-0.496	0.0
665	-1.13e-06	-0.496	0.0
666	-1.128e-06	-0.504	0.0
667	-1.126e-06	-0.496	0.0
668	-1.1240000000000002e-06	-0.496	0.0
669	-1.122e-06	-0.496	0.0
670	-1.12e-06	-0.496	0.0
671	-1.1180000000000001e-06	-0.496	0.0
672	-1.116e-06	-0.504	0.0
673	-1.114e-06	-0.496	0.0
674	-1.1120000000000001e-06	-0.504	0.0
675	-1.1100000000000002e-06	-0.504	0.0
676	-1.108e-06	-0.496	0.0
677	-1.106e-06	-0.504	0.0
678	-1.1040000000000001e-06	-0.496	0.0
679	-1.102e-06	-0.496	0.0
680	-1.1e-06	-0.504	0.0
681	-1.0980000000000001e-06	-0.504	0.0
682	-1.0960000000000002e-06	-0.504	0.0
683	-1.094e-06	-0.504	0.0
684	-1.092e-06	-0.496	0.0
685	-1.0900000000000002e-06	-0.504	0.0
686	-1.088e-06	-0.496	0.0
687	-1.086e-06	-0.496	0.0
688	-1.0840000000000001e-06	-0.504	0.0
689	-1.082e-06	-0.496	0.0
690	-1.08e-06	-0.496	0.0
691	-1.078e-06	-0.496	0.0
692	-1.0760000000000002e-06	-0.496	0.0
693	-1.074e-06	-0.496	0.0
694	-1.072e-06	-0.496	0.0
695	-1.0700000000000001e-06	-0.496	0.0
696	-1.068e-06	-0.496	0.0
697	-1.066e-06	-0.496	0.0
698	-1.064e-06	-0.496	0.0
699	-1.0620000000000002e-06	-0.496	0.0
700	-1.06e-06	-0.496	0.0
701	-1.058e-06	-0.496	0.0
702	-1.0560000000000001e-06	-0.504	0.0
703	-1.054e-06	-0.496	0.0
704	-1.052e-06	-0.496	0.0
705	-1.0500000000000001e-06	-0.504	0.0
706	-1.0480000000000002e-06	-0.496	0.0
707	-1.046e-06	-0.496	0.0
708	-1.044e-06	-0.496	0.0
709	-1.0420000000000001e-06	-0.496	0.0
710	-1.04e-06	-0.504	0.0
711	-1.038e-06	-0.496	0.0
712	-1.0360000000000001e-06	-0.496	0.0
713	-1.0340000000000002e-06	-0.504	0.0
714	-1.032e-06	-0.496	0.0
715	-1.03e-06	-0.504	0.0
716	-1.0280000000000002e-06	-0.496	0.0
717	-1.026e-06	-0.496	0.0
718	-1.024e-06	-0.504	0.0
719	-1.0220000000000001e-06	-0.504	0.0
720	-1.02e-06	-0.504	0.0
721	-1.018e-06	-0.496	0.0
722	-1.016e-06	-0.496	0.0
723	-1.0140000000000002e-06	-0.496	0.0
724	-1.012e-06	-0.496	0.0
725	-1.01e-06	-0.496	0.0
726	-1.0080000000000001e-06	-0.496	0.0
727	-1.006e-06	-0.496	0.0
728	-1.004e-06	-0.496	0.0
729	-1.002e-06	-0.496	0.0
730	-1.0000000000000002e-06	-0.504	0.0
731	-9.98e-07	-0.496	0.0
732	-9.96e-07	-0.504	0.0
733	-9.940000000000001e-07	-0.504	0.0
734	-9.92e-07	-0.504	0.0
735	-9.9e-07	-0.504	0.0
736	-9.880000000000001e-07	-0.496	0.0
737	-9.860000000000002e-07	-0.496	0.0
738	-9.84e-07	-0.496	0.0
739	-9.82e-07	-0.496	0.0
740	-9.800000000000001e-07	-0.504	0.0
741	-9.78e-07	-0.496	0.0
742	-9.76e-07	-0.496	0.0
743	-9.740000000000001e-07	-0.504	0.0
744	-9.72e-07	-0.504	0.0
745	-9.7e-07	-0.504	0.0
746	-9.68e-07	-0.504	0.0
747	-9.660000000000002e-07	-0.496	0.0
748	-9.64e-07	-0.504	0.0
749	-9.62e-07	-0.496	0.0
750	-9.600000000000001e-07	-0.496	0.0
751	-9.58e-07	-0.504	0.0
752	-9.56e-07	-0.496	0.0
753	-9.54e-07	-0.496	0.0
754	-9.520000000000002e-07	-0.504	0.0
755	-9.5e-07	-0.504	0.0
756	-9.480000000000001e-07	-0.504	0.0
757	-9.460000000000001e-07	-0.496	0.0
758	-9.44e-07	-0.496	0.0
759	-9.42e-07	-0.496	0.0
760	-9.400000000000001e-07	-0.496	0.0
761	-9.380000000000002e-07	-0.496	0.0
762	-9.36e-07	-0.496	0.0
763	-9.340000000000001e-07	-0.496	0.0
764	-9.320000000000001e-07	-0.496	0.0
765	-9.3e-07	-0.504	0.0
766	-9.28e-07	-0.496	0.0
767	-9.260000000000001e-07	-0.496	0.0
768	-9.24e-07	-0.496	0.0
769	-9.22e-07	-0.496	0.0
770	-9.200000000000001e-07	-0.504	0.0
771	-9.180000000000001e-07	-0.504	0.0
772	-9.16e-07	-0.496	0.0
773	-9.140000000000001e-07	-0.504	0.0
774	-9.120000000000001e-07	-0.496	0.0
775	-9.1e-07	-0.504	0.0
776	-9.08e-07	-0.504	0.0
777	-9.060000000000001e-07	-0.496	0.0
778	-9.040000000000002e-07	-0.504	0.0
779	-9.02e-07	-0.504	0.0
780	-9.000000000000001e-07	-0.504	0.0
781	-8.980000000000001e-07	-0.504	0.0
782	-8.96e-07	-0.496	0.0
783	-8.94e-07	-0.496	0.0
784	-8.920000000000001e-07	-0.504	0.0
785	-8.900000000000002e-07	-0.496	0.0
786	-8.88e-07	-0.496	0.0
787	-8.860000000000001e-07	-0.504	0.0
788	-8.840000000000001e-07	-0.504	0.0
789	-8.82e-07	-0.504	0.0
790	-8.8e-07	-0.504	0.0
791	-8.780000000000001e-07	-0.496	0.0
792	-8.760000000000002e-07	-0.496	0.0
793	-8.74e-07	-0.504	0.0
794	-8.720000000000001e-07	-0.504	0.0
795	-8.700000000000001e-07	-0.504	0.0
796	-8.68e-07	-0.496	0.0
797	-8.66e-07	-0.504	0.0
798	-8.640000000000001e-07	-0.496	0.0
799	-8.62e-07	-0.496	0.0
800	-8.6e-07	-0.496	0.0
801	-8.580000000000001e-07	-0.496	0.0
802	-8.560000000000001e-07	-0.496	0.0
803	-8.54e-07	-0.504	0.0
804	-8.520000000000001e-07	-0.504	0.0
805	-8.500000000000001e-07	-0.496	0.0
806	-8.48e-07	-0.496	0.0
807	-8.46e-07	-0.504	0.0
808	-8.440000000000001e-07	-0.496	0.0
809	-8.420000000000002e-07	-0.504	0.0
810	-8.4e-07	-0.496	0.0
811	-8.380000000000001e-07	-0.504	0.0
812	-8.360000000000001e-07	-0.504	0.0
813	-8.34e-07	-0.496	0.0
814	-8.32e-07	-0.504	0.0
815	-8.300000000000001e-07	-0.504	0.0
816	-8.280000000000002e-07	-0.504	0.0
817	-8.26e-07	-0.504	0.0
818	-8.240000000000001e-07	-0.496	0.0
819	-8.220000000000001e-07	-0.504	0.0
820	-8.2e-07	-0.504	0.0
821	-8.18e-07	-0.496	0.0
822	-8.160000000000001e-07	-0.496	0.0
823	-8.14e-07	-0.504	0.0
824	-8.12e-07	-0.504	0.0
825	-8.100000000000001e-07	-0.504	0.0
826	-8.080000000000001e-07	-0.504	0.0
827	-8.06e-07	-0.504	0.0
828	-8.04e-07	-0.504	0.0
829	-8.020000000000001e-07	-0.504	0.0
830	-8e-07	-0.504	0.0
831	-7.98e-07	-0.504	0.0
832	-7.960000000000001e-07	-0.496	0.0
833	-7.940000000000001e-07	-0.496	0.0
834	-7.92e-07	-0.504	0.0
835	-7.900000000000001e-07	-0.496	0.0
836	-7.880000000000001e-07	-0.496	0.0
837	-7.86e-07	-0.496	0.0
838	-7.84e-07	-0.496	0.0
839	-7.820000000000001e-07	-0.504	0.0
840	-7.800000000000002e-07	-0.504	0.0
841	-7.78e-07	-0.504	0.0
842	-7.760000000000001e-07	-0.504	0.0
843	-7.740000000000001e-07	-0.504	0.0
844	-7.72e-07	-0.504	0.0
845	-7.7e-07	-0.504	0.0
846	-7.680000000000001e-07	-0.504	0.0
847	-7.660000000000002e-07	-0.504	0.0
848	-7.64e-07	-0.496	0.0
849	-7.620000000000001e-07	-0.496	0.0
850	-7.600000000000001e-07	-0.504	0.0
851	-7.58e-07	-0.496	0.0
852	-7.56e-07	-0.504	0.0
853	-7.540000000000001e-07	-0.504	0.0
854	-7.52e-07	-0.504	0.0
855	-7.5e-07	-0.504	0.0
856	-7.480000000000001e-07	-0.504	0.0
857	-7.460000000000001e-07	-0.504	0.0
858	-7.44e-07	-0.496	0.0
859	-7.420000000000001e-07	-0.496	0.0
860	-7.400000000000001e-07	-0.496	0.0
861	-7.38e-07	-0.504	0.0
862	-7.36e-07	-0.496	0.0
863	-7.340000000000001e-07	-0.496	0.0
864	-7.320000000000001e-07	-0.504	0.0
865	-7.3e-07	-0.504	0.0
866	-7.280000000000001e-07	-0.504	0.0
867	-7.260000000000001e-07	-0.504	0.0
868	-7.24e-07	-0.496	0.0
869	-7.22e-07	-0.504	0.0
870	-7.200000000000001e-07	-0.504	0.0
871	-7.180000000000002e-07	-0.504	0.0
872	-7.16e-07	-0.496	0.0
873	-7.140000000000001e-07	-0.504	0.0
874	-7.120000000000001e-07	-0.496	0.0
875	-7.1e-07	-0.504	0.0
876	-7.08e-07	-0.496	0.0
877	-7.060000000000001e-07	-0.504	0.0
878	-7.04e-07	-0.504	0.0
879	-7.02e-07	-0.504	0.0
880	-7.000000000000001e-07	-0.504	0.0
881	-6.980000000000001e-07	-0.504	0.0
882	-6.96e-07	-0.504	0.0
883	-6.94e-07	-0.504	0.0
884	-6.920000000000001e-07	-0.496	0.0
885	-6.9e-07	-0.504	0.0
886	-6.88e-07	-0.504	0.0
887	-6.860000000000001e-07	-0.504	0.0
888	-6.840000000000001e-07	-0.504	0.0
889	-6.82e-07	-0.504	0.0
890	-6.800000000000001e-07	-0.504	0.0
891	-6.780000000000001e-07	-0.504	0.0
892	-6.76e-07	-0.504	0.0
893	-6.74e-07	-0.504	0.0
894	-6.720000000000001e-07	-0.504	0.0
895	-6.700000000000001e-07	-0.496	0.0
896	-6.68e-07	-0.496	0.0
897	-6.660000000000001e-07	-0.504	0.0
898	-6.640000000000001e-07	-0.504	0.0
899	-6.62e-07	-0.496	0.0
900	-6.6e-07	-0.504	0.0
901	-6.580000000000001e-07	-0.504	0.0
902	-6.560000000000002e-07	-0.504	0.0
903	-6.54e-07	-0.504	0.0
904	-6.520000000000001e-07	-0.504	0.0
905	-6.500000000000001e-07	-0.504	0.0
906	-6.48e-07	-0.504	0.0
907	-6.46e-07	-0.504	0.0
908	-6.440000000000001e-07	-0.504	0.0
909	-6.42e-07	-0.496	0.0
910	-6.4e-07	-0.496	0.0
911	-6.380000000000001e-07	-0.504	0.0
912	-6.360000000000001e-07	-0.496	0.0
913	-6.34e-07	-0.504	0.0
914	-6.32e-07	-0.504	0.0
915	-6.300000000000001e-07	-0.504	0.0
916	-6.28e-07	-0.504	0.0
917	-6.26e-07	-0.504	0.0
918	-6.240000000000001e-07	-0.504	0.0
919	-6.220000000000001e-07	-0.504	0.0
920	-6.2e-07	-0.496	0.0
921	-6.180000000000001e-07	-0.496	0.0
922	-6.160000000000001e-07	-0.504	0.0
923	-6.14e-07	-0.504	0.0
924	-6.12e-07	-0.504	0.0
925	-6.100000000000001e-07	-0.496	0.0
926	-6.080000000000002e-07	-0.504	0.0
927	-6.06e-07	-0.504	0.0
928	-6.040000000000001e-07	-0.504	0.0
929	-6.020000000000001e-07	-0.504	0.0
930	-6e-07	-0.496	0.0
931	-5.98e-07	-0.504	0.0
932	-5.960000000000001e-07	-0.504	0.0
933	-5.939999999999999e-07	-0.504	0.0
934	-5.92e-07	-0.504	0.0
935	-5.900000000000001e-07	-0.504	0.0
936	-5.880000000000001e-07	-0.496	0.0
937	-5.86e-07	-0.496	0.0
938	-5.84e-07	-0.504	0.0
939	-5.820000000000001e-07	-0.504	0.0
940	-5.8e-07	-0.504	0.0
941	-5.78e-07	-0.504	0.0
942	-5.760000000000001e-07	-0.504	0.0
943	-5.740000000000001e-07	-0.504	0.0
944	-5.72e-07	-0.504	0.0
945	-5.7e-07	-0.504	0.0
946	-5.680000000000001e-07	-0.504	0.0
947	-5.66e-07	-0.504	0.0
948	-5.64e-07	-0.504	0.0
949	-5.620000000000001e-07	-0.504	0.0
950	-5.600000000000001e-07	-0.504	0.0
951	-5.58e-07	-0.504	0.0
952	-5.560000000000001e-07	-0.504	0.0
953	-5.540000000000001e-07	-0.504	0.0
954	-5.52e-07	-0.504	0.0
955	-5.500000000000002e-07	-0.504	0.0
956	-5.480000000000001e-07	-0.496	0.0
957	-5.459999999999999e-07	-0.496	0.0
958	-5.440000000000002e-07	-0.504	0.0
959	-5.420000000000001e-07	-0.496	0.0
960	-5.399999999999999e-07	-0.504	0.0
961	-5.380000000000002e-07	-0.496	0.0
962	-5.36e-07	-0.504	0.0
963	-5.339999999999999e-07	-0.504	0.0
964	-5.320000000000002e-07	-0.504	0.0
965	-5.3e-07	-0.504	0.0
966	-5.279999999999999e-07	-0.504	0.0
967	-5.260000000000001e-07	-0.496	0.0
968	-5.24e-07	-0.504	0.0
969	-5.220000000000003e-07	-0.504	0.0
970	-5.200000000000001e-07	-0.504	0.0
971	-5.18e-07	-0.504	0.0
972	-5.160000000000002e-07	-0.504	0.0
973	-5.140000000000001e-07	-0.496	0.0
974	-5.119999999999999e-07	-0.504	0.0
975	-5.100000000000002e-07	-0.504	0.0
976	-5.08e-07	-0.504	0.0
977	-5.059999999999999e-07	-0.504	0.0
978	-5.040000000000002e-07	-0.504	0.0
979	-5.02e-07	-0.504	0.0
980	-4.999999999999999e-07	-0.504	0.0
981	-4.980000000000001e-07	-0.504	0.0
982	-4.96e-07	-0.504	0.0
983	-4.939999999999998e-07	-0.504	0.0
984	-4.920000000000001e-07	-0.504	0.0
985	-4.9e-07	-0.504	0.0
986	-4.880000000000002e-07	-0.496	0.0
987	-4.860000000000001e-07	-0.504	0.0
988	-4.839999999999999e-07	-0.504	0.0
989	-4.820000000000002e-07	-0.504	0.0
990	-4.800000000000001e-07	-0.504	0.0
991	-4.779999999999999e-07	-0.504	0.0
992	-4.760000000000002e-07	-0.504	0.0
993	-4.7400000000000004e-07	-0.504	0.0
994	-4.719999999999999e-07	-0.504	0.0
995	-4.7000000000000016e-07	-0.504	0.0
996	-4.68e-07	-0.504	0.0
997	-4.6599999999999986e-07	-0.504	0.0
998	-4.6400000000000013e-07	-0.504	0.0
999	-4.62e-07	-0.504	0.0
1000	-4.5999999999999983e-07	-0.504	0.0
1001	-4.580000000000001e-07	-0.504	0.0
1002	-4.5599999999999995e-07	-0.504	0.0
1003	-4.5400000000000023e-07	-0.504	0.0
1004	-4.520000000000001e-07	-0.504	0.0
1005	-4.4999999999999993e-07	-0.504	0.0
1006	-4.480000000000002e-07	-0.504	0.0
1007	-4.4600000000000005e-07	-0.504	0.0
1008	-4.439999999999999e-07	-0.504	0.0
1009	-4.4200000000000017e-07	-0.504	0.0
1010	-4.4e-07	-0.504	0.0
1011	-4.3799999999999987e-07	-0.496	0.0
1012	-4.3600000000000015e-07	-0.504	0.0
1013	-4.34e-07	-0.504	0.0
1014	-4.3199999999999984e-07	-0.504	0.0
1015	-4.300000000000001e-07	-0.504	0.0
1016	-4.2799999999999997e-07	-0.504	0.0
1017	-4.2600000000000024e-07	-0.504	0.0
1018	-4.240000000000001e-07	-0.504	0.0
1019	-4.2199999999999994e-07	-0.504	0.0
1020	-4.200000000000002e-07	-0.496	0.0
1021	-4.1800000000000006e-07	-0.504	0.0
1022	-4.159999999999999e-07	-0.504	0.0
1023	-4.140000000000002e-07	-0.504	0.0
1024	-4.1200000000000004e-07	-0.496	0.0
1025	-4.099999999999999e-07	-0.504	0.0
1026	-4.0800000000000016e-07	-0.504	0.0
1027	-4.06e-07	-0.504	0.0
1028	-4.0399999999999986e-07	-0.504	0.0
1029	-4.0200000000000013e-07	-0.504	0.0
1030	-4e-07	-0.504	0.0
1031	-3.9799999999999983e-07	-0.504	0.0
1032	-3.960000000000001e-07	-0.504	0.0
1033	-3.9399999999999995e-07	-0.496	0.0
1034	-3.9200000000000023e-07	-0.504	0.0
1035	-3.900000000000001e-07	-0.504	0.0
1036	-3.8799999999999993e-07	-0.504	0.0
1037	-3.860000000000002e-07	-0.504	0.0
1038	-3.8400000000000005e-07	-0.504	0.0
1039	-3.819999999999999e-07	-0.504	0.0
1040	-3.8000000000000017e-07	-0.504	0.0
1041	-3.78e-07	-0.504	0.0
1042	-3.7599999999999987e-07	-0.504	0.0
1043	-3.7400000000000015e-07	-0.504	0.0
1044	-3.72e-07	-0.504	0.0
1045	-3.6999999999999985e-07	-0.504	0.0
1046	-3.680000000000001e-07	-0.504	0.0
1047	-3.6599999999999997e-07	-0.504	0.0
1048	-3.6400000000000024e-07	-0.504	0.0
1049	-3.620000000000001e-07	-0.504	0.0
1050	-3.5999999999999994e-07	-0.504	0.0
1051	-3.580000000000002e-07	-0.504	0.0
1052	-3.5600000000000006e-07	-0.504	0.0
1053	-3.539999999999999e-07	-0.504	0.0
1054	-3.520000000000002e-07	-0.504	0.0
1055	-3.5000000000000004e-07	-0.504	0.0
1056	-3.479999999999999e-07	-0.504	0.0
1057	-3.4600000000000016e-07	-0.496	0.0
1058	-3.44e-07	-0.496	0.0
1059	-3.4199999999999986e-07	-0.504	0.0
1060	-3.4000000000000013e-07	-0.504	0.0
1061	-3.38e-07	-0.504	0.0
1062	-3.3599999999999983e-07	-0.504	0.0
1063	-3.340000000000001e-07	-0.504	0.0
1064	-3.3199999999999996e-07	-0.504	0.0
1065	-3.3000000000000023e-07	-0.504	0.0
1066	-3.280000000000001e-07	-0.504	0.0
1067	-3.2599999999999993e-07	-0.504	0.0
1068	-3.240000000000002e-07	-0.504	0.0
1069	-3.2200000000000005e-07	-0.504	0.0
1070	-3.199999999999999e-07	-0.504	0.0
1071	-3.180000000000002e-07	-0.504	0.0
1072	-3.16e-07	-0.504	0.0
1073	-3.139999999999999e-07	-0.504	0.0
1074	-3.1200000000000015e-07	-0.504	0.0
1075	-3.1e-07	-0.504	0.0
1076	-3.0799999999999985e-07	-0.504	0.0
1077	-3.060000000000001e-07	-0.504	0.0
1078	-3.0399999999999997e-07	-0.504	0.0
1079	-3.019999999999998e-07	-0.504	0.0
1080	-3.000000000000001e-07	-0.504	0.0
1081	-2.9799999999999994e-07	-0.504	0.0
1082	-2.960000000000002e-07	-0.504	0.0
1083	-2.9400000000000007e-07	-0.504	0.0
1084	-2.919999999999999e-07	-0.504	0.0
1085	-2.900000000000002e-07	-0.504	0.0
1086	-2.8800000000000004e-07	-0.504	0.0
1087	-2.859999999999999e-07	-0.504	0.0
1088	-2.8400000000000016e-07	-0.504	0.0
1089	-2.82e-07	-0.496	0.0
1090	-2.7999999999999986e-07	-0.504	0.0
1091	-2.7800000000000013e-07	-0.504	0.0
1092	-2.76e-07	-0.504	0.0
1093	-2.7399999999999983e-07	-0.504	0.0
1094	-2.720000000000001e-07	-0.504	0.0
1095	-2.6999999999999996e-07	-0.504	0.0
1096	-2.6800000000000023e-07	-0.504	0.0
1097	-2.660000000000001e-07	-0.504	0.0
1098	-2.6399999999999993e-07	-0.504	0.0
1099	-2.620000000000002e-07	-0.504	0.0
1100	-2.6000000000000005e-07	-0.504	0.0
1101	-2.579999999999999e-07	-0.504	0.0
1102	-2.560000000000002e-07	-0.504	0.0
1103	-2.54e-07	-0.504	0.0
1104	-2.519999999999999e-07	-0.504	0.0
1105	-2.5000000000000015e-07	-0.504	0.0
1106	-2.48e-07	-0.504	0.0
1107	-2.4599999999999985e-07	-0.504	0.0
1108	-2.440000000000001e-07	-0.504	0.0
1109	-2.4199999999999997e-07	-0.504	0.0
1110	-2.399999999999998e-07	-0.504	0.0
1111	-2.380000000000001e-07	-0.504	0.0
1112	-2.3599999999999994e-07	-0.504	0.0
1113	-2.3400000000000022e-07	-0.504	0.0
1114	-2.3200000000000007e-07	-0.504	0.0
1115	-2.2999999999999992e-07	-0.504	0.0
1116	-2.280000000000002e-07	-0.504	0.0
1117	-2.2600000000000004e-07	-0.504	0.0
1118	-2.239999999999999e-07	-0.504	0.0
1119	-2.2200000000000016e-07	-0.504	0.0
1120	-2.2e-07	-0.504	0.0
1121	-2.1799999999999986e-07	-0.504	0.0
1122	-2.1600000000000013e-07	-0.504	0.0
1123	-2.1399999999999998e-07	-0.504	0.0
1124	-2.1199999999999983e-07	-0.504	0.0
1125	-2.100000000000001e-07	-0.504	0.0
1126	-2.0799999999999996e-07	-0.504	0.0
1127	-2.0600000000000023e-07	-0.504	0.0
1128	-2.0400000000000008e-07	-0.504	0.0
1129	-2.0199999999999993e-07	-0.504	0.0
1130	-2.000000000000002e-07	-0.504	0.0
1131	-1.9800000000000005e-07	-0.504	0.0
1132	-1.959999999999999e-07	-0.504	0.0
1133	-1.9400000000000018e-07	-0.504	0.0
1134	-1.9200000000000003e-07	-0.504	0.0
1135	-1.8999999999999987e-07	-0.496	0.0
1136	-1.8800000000000015e-07	-0.504	0.0
1137	-1.86e-07	-0.504	0.0
1138	-1.8399999999999985e-07	-0.504	0.0
1139	-1.8200000000000012e-07	-0.504	0.0
1140	-1.7999999999999997e-07	-0.504	0.0
1141	-1.7799999999999982e-07	-0.504	0.0
1142	-1.760000000000001e-07	-0.504	0.0
1143	-1.7399999999999994e-07	-0.504	0.0
1144	-1.7200000000000022e-07	-0.504	0.0
1145	-1.7000000000000007e-07	-0.504	0.0
1146	-1.6799999999999992e-07	-0.504	0.0
1147	-1.660000000000002e-07	-0.504	0.0
1148	-1.6400000000000004e-07	-0.504	0.0
1149	-1.619999999999999e-07	-0.504	0.0
1150	-1.6000000000000016e-07	-0.504	0.0
1151	-1.58e-07	-0.504	0.0
1152	-1.5599999999999986e-07	-0.504	0.0
1153	-1.5400000000000013e-07	-0.504	0.0
1154	-1.5199999999999998e-07	-0.504	0.0
1155	-1.4999999999999983e-07	-0.504	0.0
1156	-1.480000000000001e-07	-0.504	0.0
1157	-1.4599999999999996e-07	-0.504	0.0
1158	-1.4400000000000023e-07	-0.504	0.0
1159	-1.4200000000000008e-07	-0.504	0.0
1160	-1.3999999999999993e-07	-0.504	0.0
1161	-1.380000000000002e-07	-0.504	0.0
1162	-1.3600000000000005e-07	-0.504	0.0
1163	-1.339999999999999e-07	-0.504	0.0
1164	-1.3200000000000018e-07	-0.504	0.0
1165	-1.3000000000000003e-07	-0.504	0.0
1166	-1.2799999999999988e-07	-0.504	0.0
1167	-1.2600000000000015e-07	-0.504	0.0
1168	-1.24e-07	-0.504	0.0
1169	-1.2199999999999985e-07	-0.504	0.0
1170	-1.2000000000000012e-07	-0.504	0.0
1171	-1.1799999999999997e-07	-0.496	0.0
1172	-1.1599999999999982e-07	-0.504	0.0
1173	-1.140000000000001e-07	-0.496	0.0
1174	-1.1199999999999994e-07	-0.504	0.0
1175	-1.1000000000000022e-07	-0.504	0.0
1176	-1.0800000000000007e-07	-0.504	0.0
1177	-1.0599999999999992e-07	-0.504	0.0
1178	-1.0400000000000019e-07	-0.504	0.0
1179	-1.0200000000000004e-07	-0.496	0.0
1180	-9.999999999999989e-08	-0.504	0.0
1181	-9.800000000000016e-08	-0.496	0.0
1182	-9.600000000000001e-08	-0.496	0.0
1183	-9.399999999999986e-08	-0.496	0.0
1184	-9.200000000000014e-08	-0.496	0.0
1185	-8.999999999999999e-08	-0.496	0.0
1186	-8.799999999999984e-08	-0.496	0.0
1187	-8.600000000000011e-08	-0.496	0.0
1188	-8.399999999999996e-08	-0.496	0.0
1189	-8.199999999999981e-08	-0.496	0.0
1190	-8.000000000000008e-08	-0.496	0.0
1191	-7.799999999999993e-08	-0.496	0.0
1192	-7.60000000000002e-08	-0.496	0.0
1193	-7.400000000000005e-08	-0.496	0.0
1194	-7.19999999999999e-08	-0.496	0.0
1195	-7.000000000000018e-08	-0.496	0.0
1196	-6.800000000000003e-08	-0.496	0.0
1197	-6.599999999999988e-08	-0.496	0.0
1198	-6.400000000000015e-08	-0.496	0.0
1199	-6.2e-08	-0.496	0.0
1200	-5.999999999999985e-08	-0.496	0.0
1201	-5.800000000000012e-08	-0.496	0.0
1202	-5.599999999999997e-08	-0.496	0.0
1203	-5.399999999999982e-08	-0.496	0.0
1204	-5.2000000000000095e-08	-0.496	0.0
1205	-4.9999999999999945e-08	-0.496	0.0
1206	-4.800000000000022e-08	-0.496	0.0
1207	-4.600000000000007e-08	-0.496	0.0
1208	-4.399999999999992e-08	-0.496	0.0
1209	-4.200000000000019e-08	-0.496	0.0
1210	-4.000000000000004e-08	-0.496	0.0
1211	-3.799999999999989e-08	-0.496	0.0
1212	-3.6000000000000164e-08	-0.496	0.0
1213	-3.400000000000001e-08	-0.496	0.0
1214	-3.199999999999986e-08	-0.496	0.0
1215	-3.0000000000000136e-08	-0.496	0.0
1216	-2.7999999999999986e-08	-0.496	0.0
1217	-2.5999999999999836e-08	-0.496	0.0
1218	-2.400000000000011e-08	-0.496	0.0
1219	-2.199999999999996e-08	-0.496	0.0
1220	-1.999999999999981e-08	-0.496	0.0
1221	-1.8000000000000082e-08	-0.496	0.0
1222	-1.599999999999993e-08	-0.488	0.0
1223	-1.4000000000000205e-08	-0.496	0.0
1224	-1.2000000000000055e-08	-0.496	0.0
1225	-9.999999999999904e-09	-0.496	0.0
1226	-8.000000000000178e-09	-0.488	0.0
1227	-6.000000000000027e-09	-0.496	0.0
1228	-3.999999999999877e-09	-0.488	0.0
1229	-2.0000000000001503e-09	-0.496	0.0
1230	0.0	-0.488	0.0
1231	2.0000000000001503e-09	-0.488	0.0
1232	3.999999999999877e-09	-0.488	0.0
1233	6.000000000000027e-09	-0.488	0.0
1234	8.000000000000178e-09	-0.488	0.0
1235	9.999999999999904e-09	-0.488	0.0
1236	1.2000000000000055e-08	-0.47200000000000003	0.008
1237	1.3999999999999781e-08	-0.392	0.016
1238	1.599999999999993e-08	-0.20800000000000002	0.032
1239	1.8000000000000082e-08	0.008	0.048
1240	1.999999999999981e-08	0.2	0.07200000000000001
1241	2.199999999999996e-08	0.368	0.088
1242	2.400000000000011e-08	0.512	0.096
1243	2.5999999999999836e-08	0.608	0.10400000000000001
1244	2.7999999999999986e-08	0.648	0.112
1245	3.0000000000000136e-08	0.656	0.128
1246	3.199999999999986e-08	0.64	0.14400000000000002
1247	3.400000000000001e-08	0.616	0.16
1248	3.6000000000000164e-08	0.5760000000000001	0.176
1249	3.799999999999989e-08	0.552	0.184
1250	4.000000000000004e-08	0.528	0.184
1251	4.200000000000019e-08	0.504	0.176
1252	4.399999999999992e-08	0.488	0.184
1253	4.600000000000007e-08	0.48	0.184
1254	4.7999999999999795e-08	0.47200000000000003	0.184
1255	4.9999999999999945e-08	0.48	0.176
1256	5.2000000000000095e-08	0.48	0.176
1257	5.399999999999982e-08	0.488	0.168
1258	5.599999999999997e-08	0.496	0.168
1259	5.800000000000012e-08	0.504	0.16
1260	5.999999999999985e-08	0.512	0.14400000000000002
1261	6.2e-08	0.512	0.136
1262	6.400000000000015e-08	0.52	0.128
1263	6.599999999999988e-08	0.52	0.12
1264	6.800000000000003e-08	0.52	0.10400000000000001
1265	7.000000000000018e-08	0.52	0.096
1266	7.19999999999999e-08	0.52	0.088
1267	7.400000000000005e-08	0.52	0.08
1268	7.60000000000002e-08	0.52	0.07200000000000001
1269	7.799999999999993e-08	0.52	0.056
1270	8.000000000000008e-08	0.512	0.04
1271	8.199999999999981e-08	0.512	0.024
1272	8.399999999999996e-08	0.512	0.016
1273	8.600000000000011e-08	0.504	0.0
1274	8.799999999999984e-08	0.504	-0.016
1275	8.999999999999999e-08	0.504	-0.024
1276	9.200000000000014e-08	0.504	-0.04
1277	9.399999999999986e-08	0.504	-0.048
1278	9.600000000000001e-08	0.504	-0.056
1279	9.800000000000016e-08	0.504	-0.064
1280	9.999999999999989e-08	0.512	-0.064
1281	1.0200000000000004e-07	0.512	-0.07200000000000001
1282	1.0400000000000019e-07	0.512	-0.088
1283	1.0599999999999992e-07	0.512	-0.096
1284	1.0800000000000007e-07	0.52	-0.10400000000000001
1285	1.099999999999998e-07	0.52	-0.12
1286	1.1199999999999994e-07	0.512	-0.128
1287	1.140000000000001e-07	0.52	-0.136
1288	1.1599999999999982e-07	0.52	-0.14400000000000002
1289	1.1799999999999997e-07	0.52	-0.16
1290	1.2000000000000012e-07	0.512	-0.168
1291	1.2199999999999985e-07	0.512	-0.176
1292	1.24e-07	0.52	-0.176
1293	1.2600000000000015e-07	0.52	-0.184
1294	1.2799999999999988e-07	0.52	-0.192
1295	1.3000000000000003e-07	0.52	-0.192
1296	1.3200000000000018e-07	0.52	-0.2
1297	1.339999999999999e-07	0.52	-0.2
1298	1.3600000000000005e-07	0.52	-0.2
1299	1.380000000000002e-07	0.528	-0.2
1300	1.3999999999999993e-07	0.528	-0.2
1301	1.4200000000000008e-07	0.528	-0.2
1302	1.439999999999998e-07	0.528	-0.2
1303	1.4599999999999996e-07	0.536	-0.2
1304	1.480000000000001e-07	0.536	-0.20800000000000002
1305	1.4999999999999983e-07	0.536	-0.20800000000000002
1306	1.5199999999999998e-07	0.536	-0.20800000000000002
1307	1.5400000000000013e-07	0.536	-0.20800000000000002
1308	1.5599999999999986e-07	0.536	-0.20800000000000002
1309	1.58e-07	0.528	-0.2
1310	1.6000000000000016e-07	0.528	-0.192
1311	1.619999999999999e-07	0.52	-0.184
1312	1.6400000000000004e-07	0.52	-0.168
1313	1.660000000000002e-07	0.512	-0.152
1314	1.6799999999999992e-07	0.504	-0.136
1315	1.7000000000000007e-07	0.504	-0.12
1316	1.719999999999998e-07	0.504	-0.10400000000000001
1317	1.7399999999999994e-07	0.504	-0.088
1318	1.760000000000001e-07	0.504	-0.07200000000000001
1319	1.7799999999999982e-07	0.504	-0.056
1320	1.7999999999999997e-07	0.504	-0.048
1321	1.8200000000000012e-07	0.504	-0.032
1322	1.8399999999999985e-07	0.512	-0.016
1323	1.86e-07	0.512	-0.008
1324	1.8800000000000015e-07	0.512	0.0
1325	1.8999999999999987e-07	0.52	0.016
1326	1.9200000000000003e-07	0.52	0.024
1327	1.9400000000000018e-07	0.528	0.04
1328	1.959999999999999e-07	0.528	0.048
1329	1.9800000000000005e-07	0.528	0.056
1330	2.000000000000002e-07	0.528	0.064
1331	2.0199999999999993e-07	0.536	0.07200000000000001
1332	2.0400000000000008e-07	0.536	0.08
1333	2.059999999999998e-07	0.536	0.088
1334	2.0799999999999996e-07	0.536	0.096
1335	2.100000000000001e-07	0.528	0.10400000000000001
1336	2.1199999999999983e-07	0.528	0.112
1337	2.1399999999999998e-07	0.528	0.12
1338	2.1600000000000013e-07	0.528	0.12
1339	2.1799999999999986e-07	0.528	0.12
1340	2.2e-07	0.528	0.128
1341	2.2200000000000016e-07	0.536	0.128
1342	2.239999999999999e-07	0.536	0.128
1343	2.2600000000000004e-07	0.536	0.136
1344	2.280000000000002e-07	0.528	0.136
1345	2.2999999999999992e-07	0.528	0.136
1346	2.3200000000000007e-07	0.528	0.136
1347	2.339999999999998e-07	0.528	0.136
1348	2.3599999999999994e-07	0.528	0.136
1349	2.380000000000001e-07	0.528	0.14400000000000002
1350	2.399999999999998e-07	0.528	0.136
1351	2.4199999999999997e-07	0.528	0.136
1352	2.440000000000001e-07	0.528	0.14400000000000002
1353	2.4599999999999985e-07	0.528	0.136
1354	2.48e-07	0.528	0.136
1355	2.5000000000000015e-07	0.528	0.136
1356	2.519999999999999e-07	0.528	0.128
1357	2.54e-07	0.528	0.128
1358	2.560000000000002e-07	0.528	0.12
1359	2.579999999999999e-07	0.528	0.12
1360	2.6000000000000005e-07	0.528	0.112
1361	2.620000000000002e-07	0.528	0.10400000000000001
1362	2.6399999999999993e-07	0.528	0.096
1363	2.660000000000001e-07	0.528	0.088
1364	2.679999999999998e-07	0.52	0.088
1365	2.6999999999999996e-07	0.52	0.08
1366	2.720000000000001e-07	0.528	0.07200000000000001
1367	2.7399999999999983e-07	0.52	0.064
1368	2.76e-07	0.52	0.056
1369	2.7800000000000013e-07	0.52	0.056
1370	2.7999999999999986e-07	0.52	0.048
1371	2.82e-07	0.52	0.04
1372	2.8400000000000016e-07	0.52	0.032
1373	2.859999999999999e-07	0.52	0.024
1374	2.8800000000000004e-07	0.52	0.024
1375	2.900000000000002e-07	0.52	0.016
1376	2.919999999999999e-07	0.52	0.008
1377	2.9400000000000007e-07	0.52	0.0
1378	2.960000000000002e-07	0.512	0.0
1379	2.9799999999999994e-07	0.512	-0.008
1380	3.000000000000001e-07	0.512	-0.016
1381	3.019999999999998e-07	0.512	-0.016
1382	3.0399999999999997e-07	0.512	-0.024
1383	3.060000000000001e-07	0.512	-0.024
1384	3.0799999999999985e-07	0.504	-0.032
1385	3.1e-07	0.504	-0.032
1386	3.1200000000000015e-07	0.512	-0.04
1387	3.139999999999999e-07	0.512	-0.04
1388	3.16e-07	0.504	-0.04
1389	3.180000000000002e-07	0.504	-0.048
1390	3.199999999999999e-07	0.504	-0.048
1391	3.2200000000000005e-07	0.512	-0.056
1392	3.240000000000002e-07	0.512	-0.056
1393	3.2599999999999993e-07	0.512	-0.056
1394	3.280000000000001e-07	0.512	-0.064
1395	3.299999999999998e-07	0.512	-0.064
1396	3.3199999999999996e-07	0.512	-0.064
1397	3.340000000000001e-07	0.512	-0.064
1398	3.3599999999999983e-07	0.52	-0.07200000000000001
1399	3.38e-07	0.52	-0.07200000000000001
1400	3.4000000000000013e-07	0.52	-0.07200000000000001
1401	3.4199999999999986e-07	0.52	-0.08
1402	3.44e-07	0.52	-0.08
1403	3.4600000000000016e-07	0.52	-0.08
1404	3.479999999999999e-07	0.52	-0.08
1405	3.5000000000000004e-07	0.52	-0.088
1406	3.520000000000002e-07	0.52	-0.088
1407	3.539999999999999e-07	0.52	-0.088
1408	3.5600000000000006e-07	0.52	-0.088
1409	3.580000000000002e-07	0.52	-0.088
1410	3.5999999999999994e-07	0.52	-0.088
1411	3.620000000000001e-07	0.52	-0.088
1412	3.639999999999998e-07	0.528	-0.088
1413	3.6599999999999997e-07	0.528	-0.088
1414	3.680000000000001e-07	0.528	-0.088
1415	3.6999999999999985e-07	0.528	-0.088
1416	3.72e-07	0.528	-0.088
1417	3.7400000000000015e-07	0.528	-0.088
1418	3.7599999999999987e-07	0.528	-0.08
1419	3.78e-07	0.528	-0.08
1420	3.8000000000000017e-07	0.528	-0.08
1421	3.819999999999999e-07	0.528	-0.08
1422	3.8400000000000005e-07	0.528	-0.07200000000000001
1423	3.860000000000002e-07	0.528	-0.07200000000000001
1424	3.8799999999999993e-07	0.528	-0.07200000000000001
1425	3.900000000000001e-07	0.528	-0.064
1426	3.919999999999998e-07	0.528	-0.064
1427	3.9399999999999995e-07	0.528	-0.056
1428	3.960000000000001e-07	0.528	-0.056
1429	3.9799999999999983e-07	0.528	-0.048
1430	4e-07	0.528	-0.048
1431	4.0200000000000013e-07	0.528	-0.04
1432	4.0399999999999986e-07	0.528	-0.04
1433	4.06e-07	0.528	-0.032
1434	4.0800000000000016e-07	0.528	-0.024
1435	4.099999999999999e-07	0.528	-0.024
1436	4.1200000000000004e-07	0.528	-0.016
1437	4.140000000000002e-07	0.528	-0.008
1438	4.159999999999999e-07	0.52	-0.008
1439	4.1800000000000006e-07	0.528	0.0
1440	4.200000000000002e-07	0.528	0.008
1441	4.2199999999999994e-07	0.528	0.016
1442	4.240000000000001e-07	0.528	0.016
1443	4.259999999999998e-07	0.528	0.024
1444	4.2799999999999997e-07	0.52	0.032
1445	4.300000000000001e-07	0.52	0.032
1446	4.3199999999999984e-07	0.52	0.04
1447	4.34e-07	0.52	0.048
1448	4.3600000000000015e-07	0.52	0.056
1449	4.3799999999999987e-07	0.52	0.056
1450	4.4e-07	0.52	0.064
1451	4.4200000000000017e-07	0.52	0.064
1452	4.439999999999999e-07	0.52	0.07200000000000001
1453	4.4600000000000005e-07	0.52	0.08
1454	4.480000000000002e-07	0.52	0.08
1455	4.4999999999999993e-07	0.52	0.088
1456	4.520000000000001e-07	0.52	0.088
1457	4.5400000000000023e-07	0.52	0.088
1458	4.5599999999999995e-07	0.52	0.096
1459	4.580000000000001e-07	0.52	0.096
1460	4.5999999999999983e-07	0.52	0.10400000000000001
1461	4.62e-07	0.52	0.10400000000000001
1462	4.6400000000000013e-07	0.52	0.10400000000000001
1463	4.6599999999999986e-07	0.52	0.10400000000000001
1464	4.68e-07	0.512	0.10400000000000001
1465	4.7000000000000016e-07	0.52	0.10400000000000001
1466	4.719999999999999e-07	0.52	0.10400000000000001
1467	4.7400000000000004e-07	0.52	0.10400000000000001
1468	4.760000000000002e-07	0.52	0.10400000000000001
1469	4.779999999999999e-07	0.52	0.10400000000000001
1470	4.800000000000001e-07	0.52	0.10400000000000001
1471	4.820000000000002e-07	0.52	0.096
1472	4.839999999999999e-07	0.512	0.096
1473	4.860000000000001e-07	0.52	0.096
1474	4.879999999999998e-07	0.512	0.096
1475	4.9e-07	0.52	0.088
1476	4.920000000000001e-07	0.52	0.08
1477	4.939999999999998e-07	0.512	0.08
1478	4.96e-07	0.52	0.07200000000000001
1479	4.980000000000001e-07	0.512	0.07200000000000001
1480	4.999999999999999e-07	0.512	0.064
1481	5.02e-07	0.52	0.064
1482	5.040000000000002e-07	0.52	0.056
1483	5.059999999999999e-07	0.512	0.056
1484	5.08e-07	0.512	0.048
1485	5.100000000000002e-07	0.512	0.04
1486	5.119999999999999e-07	0.52	0.032
1487	5.140000000000001e-07	0.512	0.032
1488	5.160000000000002e-07	0.512	0.024
1489	5.18e-07	0.512	0.016
1490	5.200000000000001e-07	0.512	0.016
1491	5.219999999999998e-07	0.512	0.008
1492	5.24e-07	0.512	0.0
1493	5.260000000000001e-07	0.512	0.0
1494	5.279999999999999e-07	0.512	-0.008
1495	5.3e-07	0.512	-0.016
1496	5.320000000000002e-07	0.512	-0.016
1497	5.339999999999999e-07	0.512	-0.024
1498	5.36e-07	0.512	-0.032
1499	5.380000000000002e-07	0.512	-0.032
1500	5.399999999999999e-07	0.512	-0.04
1501	5.420000000000001e-07	0.512	-0.04
1502	5.440000000000002e-07	0.512	-0.048
1503	5.459999999999999e-07	0.512	-0.048
1504	5.480000000000001e-07	0.512	-0.056
1505	5.499999999999998e-07	0.512	-0.056
1506	5.52e-07	0.512	-0.064
1507	5.540000000000001e-07	0.512	-0.064
1508	5.559999999999998e-07	0.512	-0.064
1509	5.58e-07	0.512	-0.07200000000000001
1510	5.600000000000001e-07	0.512	-0.07200000000000001
1511	5.619999999999999e-07	0.512	-0.07200000000000001
1512	5.64e-07	0.512	-0.07200000000000001
1513	5.660000000000002e-07	0.512	-0.07200000000000001
1514	5.679999999999999e-07	0.512	-0.07200000000000001
1515	5.7e-07	0.512	-0.07200000000000001
1516	5.720000000000002e-07	0.512	-0.07200000000000001
1517	5.739999999999999e-07	0.512	-0.08
1518	5.760000000000001e-07	0.512	-0.08
1519	5.780000000000002e-07	0.512	-0.08
1520	5.8e-07	0.512	-0.08
1521	5.820000000000001e-07	0.512	-0.07200000000000001
1522	5.839999999999998e-07	0.512	-0.07200000000000001
1523	5.86e-07	0.512	-0.07200000000000001
1524	5.880000000000001e-07	0.512	-0.07200000000000001
1525	5.899999999999999e-07	0.512	-0.07200000000000001
1526	5.92e-07	0.512	-0.07200000000000001
1527	5.940000000000002e-07	0.52	-0.064
1528	5.959999999999999e-07	0.52	-0.064
1529	5.98e-07	0.512	-0.064
1530	6.000000000000002e-07	0.52	-0.056
1531	6.019999999999999e-07	0.52	-0.056
1532	6.040000000000001e-07	0.52	-0.056
1533	6.060000000000002e-07	0.52	-0.048
1534	6.079999999999999e-07	0.52	-0.048
1535	6.100000000000001e-07	0.52	-0.048
1536	6.120000000000002e-07	0.52	-0.04
1537	6.14e-07	0.52	-0.04
1538	6.160000000000001e-07	0.52	-0.04
1539	6.179999999999998e-07	0.52	-0.032
1540	6.2e-07	0.52	-0.032
1541	6.220000000000001e-07	0.52	-0.024
1542	6.239999999999999e-07	0.52	-0.024
1543	6.26e-07	0.52	-0.024
1544	6.280000000000002e-07	0.52	-0.016
1545	6.299999999999999e-07	0.52	-0.016
1546	6.32e-07	0.52	-0.008
1547	6.340000000000002e-07	0.52	-0.008
1548	6.359999999999999e-07	0.52	-0.008
1549	6.380000000000001e-07	0.52	0.0
1550	6.400000000000002e-07	0.52	0.0
1551	6.42e-07	0.52	0.008
1552	6.440000000000001e-07	0.52	0.008
1553	6.459999999999998e-07	0.528	0.008
1554	6.48e-07	0.528	0.016
1555	6.500000000000001e-07	0.52	0.016
1556	6.519999999999999e-07	0.52	0.024
1557	6.54e-07	0.52	0.024
1558	6.560000000000002e-07	0.52	0.024
1559	6.579999999999999e-07	0.52	0.032
1560	6.6e-07	0.52	0.032
1561	6.620000000000002e-07	0.52	0.032
1562	6.639999999999999e-07	0.52	0.04
1563	6.660000000000001e-07	0.52	0.04
1564	6.680000000000002e-07	0.52	0.04
1565	6.699999999999999e-07	0.52	0.04
1566	6.720000000000001e-07	0.52	0.048
1567	6.740000000000002e-07	0.52	0.048
1568	6.76e-07	0.52	0.048
1569	6.780000000000001e-07	0.52	0.048
1570	6.799999999999998e-07	0.52	0.048
1571	6.82e-07	0.52	0.048
1572	6.840000000000001e-07	0.52	0.056
1573	6.859999999999999e-07	0.52	0.056
1574	6.88e-07	0.52	0.056
1575	6.900000000000002e-07	0.52	0.056
1576	6.919999999999999e-07	0.52	0.056
1577	6.94e-07	0.52	0.056
1578	6.960000000000002e-07	0.52	0.056
1579	6.979999999999999e-07	0.512	0.056
1580	7.000000000000001e-07	0.52	0.056
1581	7.020000000000002e-07	0.52	0.056
1582	7.04e-07	0.512	0.056
1583	7.060000000000001e-07	0.52	0.056
1584	7.079999999999998e-07	0.52	0.056
1585	7.1e-07	0.52	0.056
1586	7.120000000000001e-07	0.512	0.056
1587	7.139999999999999e-07	0.512	0.056
1588	7.16e-07	0.512	0.056
1589	7.180000000000002e-07	0.512	0.048
1590	7.199999999999999e-07	0.512	0.048
1591	7.22e-07	0.512	0.048
1592	7.240000000000002e-07	0.52	0.048
1593	7.259999999999999e-07	0.512	0.04
1594	7.280000000000001e-07	0.512	0.04
1595	7.300000000000002e-07	0.512	0.04
1596	7.319999999999999e-07	0.512	0.04
1597	7.340000000000001e-07	0.512	0.032
1598	7.360000000000002e-07	0.512	0.032
1599	7.38e-07	0.512	0.032
1600	7.400000000000001e-07	0.512	0.024
1601	7.419999999999998e-07	0.512	0.024
1602	7.44e-07	0.512	0.016
1603	7.460000000000001e-07	0.512	0.016
1604	7.479999999999999e-07	0.512	0.016
1605	7.5e-07	0.512	0.008
1606	7.520000000000002e-07	0.512	0.008
1607	7.539999999999999e-07	0.512	0.008
1608	7.56e-07	0.512	0.0
1609	7.580000000000002e-07	0.512	0.0
1610	7.599999999999999e-07	0.512	0.0
1611	7.620000000000001e-07	0.512	-0.008
1612	7.640000000000002e-07	0.512	-0.008
1613	7.66e-07	0.512	-0.016
1614	7.680000000000001e-07	0.512	-0.016
1615	7.699999999999998e-07	0.512	-0.024
1616	7.72e-07	0.512	-0.024
1617	7.740000000000001e-07	0.512	-0.024
1618	7.759999999999999e-07	0.52	-0.024
1619	7.78e-07	0.512	-0.032
1620	7.800000000000002e-07	0.512	-0.032
1621	7.819999999999999e-07	0.512	-0.032
1622	7.84e-07	0.512	-0.04
1623	7.860000000000002e-07	0.512	-0.04
1624	7.879999999999999e-07	0.512	-0.04
1625	7.900000000000001e-07	0.512	-0.04
1626	7.920000000000002e-07	0.512	-0.04
1627	7.939999999999999e-07	0.512	-0.04
1628	7.960000000000001e-07	0.52	-0.048
1629	7.980000000000002e-07	0.512	-0.048
1630	8e-07	0.52	-0.048
1631	8.020000000000001e-07	0.512	-0.048
1632	8.039999999999998e-07	0.512	-0.048
1633	8.06e-07	0.512	-0.048
1634	8.080000000000001e-07	0.512	-0.048
1635	8.099999999999999e-07	0.52	-0.048
1636	8.12e-07	0.512	-0.048
1637	8.140000000000002e-07	0.512	-0.048
1638	8.159999999999999e-07	0.52	-0.048
1639	8.18e-07	0.512	-0.048
1640	8.200000000000002e-07	0.512	-0.048
1641	8.219999999999999e-07	0.512	-0.048
1642	8.240000000000001e-07	0.512	-0.048
1643	8.260000000000002e-07	0.52	-0.04
1644	8.28e-07	0.512	-0.04
1645	8.300000000000001e-07	0.52	-0.04
1646	8.320000000000003e-07	0.52	-0.04
1647	8.34e-07	0.52	-0.04
1648	8.360000000000001e-07	0.512	-0.032
1649	8.379999999999999e-07	0.512	-0.032
1650	8.4e-07	0.512	-0.032
1651	8.420000000000002e-07	0.52	-0.024
1652	8.439999999999999e-07	0.52	-0.024
1653	8.46e-07	0.52	-0.024
1654	8.480000000000002e-07	0.52	-0.016
1655	8.499999999999999e-07	0.52	-0.016
1656	8.520000000000001e-07	0.52	-0.016
1657	8.540000000000002e-07	0.512	-0.008
1658	8.559999999999999e-07	0.52	-0.008
1659	8.580000000000001e-07	0.512	-0.008
1660	8.600000000000002e-07	0.52	0.0
1661	8.62e-07	0.52	0.0
1662	8.640000000000001e-07	0.512	0.0
1663	8.659999999999998e-07	0.52	0.0
1664	8.68e-07	0.52	0.008
1665	8.700000000000001e-07	0.52	0.008
1666	8.719999999999999e-07	0.52	0.016
1667	8.74e-07	0.52	0.016
1668	8.760000000000002e-07	0.52	0.016
1669	8.779999999999999e-07	0.512	0.016
1670	8.8e-07	0.512	0.024
1671	8.820000000000002e-07	0.52	0.024
1672	8.839999999999999e-07	0.52	0.024
1673	8.860000000000001e-07	0.52	0.032
1674	8.880000000000002e-07	0.52	0.032
1675	8.9e-07	0.52	0.032
1676	8.920000000000001e-07	0.52	0.032
1677	8.940000000000002e-07	0.52	0.032
1678	8.96e-07	0.52	0.032
1679	8.980000000000001e-07	0.52	0.04
1680	8.999999999999999e-07	0.52	0.04
1681	9.02e-07	0.512	0.04
1682	9.040000000000002e-07	0.512	0.04
1683	9.059999999999999e-07	0.52	0.04
1684	9.08e-07	0.52	0.04
1685	9.100000000000002e-07	0.512	0.04
1686	9.119999999999999e-07	0.512	0.04
1687	9.140000000000001e-07	0.512	0.04
1688	9.160000000000002e-07	0.52	0.04
1689	9.179999999999999e-07	0.512	0.04
1690	9.200000000000001e-07	0.512	0.04
1691	9.220000000000002e-07	0.512	0.04
1692	9.24e-07	0.52	0.04
1693	9.260000000000001e-07	0.52	0.04
1694	9.279999999999998e-07	0.512	0.04
1695	9.3e-07	0.512	0.04
1696	9.320000000000001e-07	0.52	0.04
1697	9.339999999999999e-07	0.52	0.04
1698	9.36e-07	0.512	0.04
1699	9.380000000000002e-07	0.512	0.032
1700	9.399999999999999e-07	0.512	0.032
1701	9.42e-07	0.512	0.032
1702	9.440000000000002e-07	0.512	0.032
1703	9.459999999999999e-07	0.512	0.024
1704	9.480000000000001e-07	0.512	0.032
1705	9.500000000000002e-07	0.512	0.024
1706	9.52e-07	0.512	0.024
1707	9.54e-07	0.512	0.024
1708	9.560000000000002e-07	0.512	0.024
1709	9.58e-07	0.512	0.016
1710	9.600000000000001e-07	0.512	0.016
1711	9.619999999999999e-07	0.512	0.016
1712	9.64e-07	0.512	0.016
1713	9.660000000000002e-07	0.512	0.008
1714	9.679999999999999e-07	0.512	0.008
1715	9.7e-07	0.512	0.008
1716	9.720000000000002e-07	0.512	0.008
1717	9.74e-07	0.512	0.0
1718	9.76e-07	0.512	0.0
1719	9.780000000000002e-07	0.512	0.0
1720	9.8e-07	0.512	0.0
1721	9.82e-07	0.512	-0.008
1722	9.840000000000002e-07	0.512	-0.008
1723	9.86e-07	0.512	-0.008
1724	9.880000000000001e-07	0.512	-0.008
1725	9.900000000000003e-07	0.512	-0.016
1726	9.92e-07	0.512	-0.016
1727	9.940000000000001e-07	0.512	-0.016
1728	9.959999999999999e-07	0.512	-0.016
1729	9.98e-07	0.512	-0.016
1730	1.0000000000000002e-06	0.512	-0.016
1731	1.0019999999999999e-06	0.512	-0.016
1732	1.004e-06	0.512	-0.024
1733	1.0060000000000002e-06	0.512	-0.024
1734	1.008e-06	0.512	-0.024
1735	1.01e-06	0.512	-0.024
1736	1.0120000000000002e-06	0.512	-0.024
1737	1.014e-06	0.512	-0.024
1738	1.016e-06	0.512	-0.024
1739	1.0180000000000002e-06	0.512	-0.032
1740	1.02e-06	0.512	-0.032
1741	1.0220000000000001e-06	0.512	-0.032
1742	1.0239999999999999e-06	0.512	-0.032
1743	1.026e-06	0.512	-0.032
1744	1.0280000000000002e-06	0.512	-0.032
1745	1.0299999999999999e-06	0.512	-0.032
1746	1.032e-06	0.52	-0.032
1747	1.0340000000000002e-06	0.512	-0.032
1748	1.036e-06	0.512	-0.032
1749	1.038e-06	0.512	-0.032
1750	1.0400000000000002e-06	0.52	-0.032
1751	1.042e-06	0.52	-0.032
1752	1.044e-06	0.512	-0.032
1753	1.0460000000000002e-06	0.52	-0.032
1754	1.048e-06	0.52	-0.032
1755	1.0500000000000001e-06	0.512	-0.024
1756	1.0520000000000003e-06	0.512	-0.024
1757	1.054e-06	0.512	-0.024
1758	1.0560000000000001e-06	0.512	-0.024
1759	1.0579999999999999e-06	0.512	-0.024
1760	1.06e-06	0.512	-0.024
1761	1.0620000000000002e-06	0.512	-0.024
1762	1.0639999999999999e-06	0.52	-0.024
1763	1.066e-06	0.52	-0.024
1764	1.0680000000000002e-06	0.52	-0.016
1765	1.07e-06	0.512	-0.016
1766	1.072e-06	0.512	-0.016
1767	1.0740000000000002e-06	0.52	-0.016
1768	1.076e-06	0.52	-0.016
1769	1.078e-06	0.512	-0.008
1770	1.0800000000000002e-06	0.52	-0.008
1771	1.082e-06	0.52	-0.008
1772	1.0840000000000001e-06	0.52	-0.008
1773	1.0859999999999999e-06	0.52	0.0
1774	1.088e-06	0.512	-0.008
1775	1.0900000000000002e-06	0.52	0.0
1776	1.0919999999999999e-06	0.52	0.0
1777	1.094e-06	0.512	0.0
1778	1.0960000000000002e-06	0.52	0.0
1779	1.098e-06	0.52	0.008
1780	1.1e-06	0.52	0.008
1781	1.1020000000000002e-06	0.52	0.008
1782	1.104e-06	0.512	0.008
1783	1.106e-06	0.52	0.008
1784	1.1080000000000002e-06	0.512	0.016
1785	1.11e-06	0.52	0.016
1786	1.1120000000000001e-06	0.52	0.016
1787	1.1140000000000003e-06	0.52	0.016
1788	1.116e-06	0.512	0.016
1789	1.1180000000000001e-06	0.52	0.016
1790	1.1199999999999999e-06	0.512	0.024
1791	1.122e-06	0.512	0.024
1792	1.1240000000000002e-06	0.52	0.024
1793	1.1259999999999999e-06	0.512	0.024
1794	1.128e-06	0.512	0.024
1795	1.1300000000000002e-06	0.512	0.024
1796	1.132e-06	0.512	0.024
1797	1.134e-06	0.512	0.024
1798	1.1360000000000002e-06	0.512	0.024
1799	1.138e-06	0.512	0.024
1800	1.14e-06	0.52	0.032
1801	1.1420000000000002e-06	0.512	0.024
1802	1.144e-06	0.512	0.024
1803	1.1460000000000001e-06	0.52	0.032
1804	1.1479999999999999e-06	0.512	0.032
1805	1.15e-06	0.512	0.032
1806	1.1520000000000002e-06	0.512	0.032
1807	1.1539999999999999e-06	0.512	0.032
1808	1.156e-06	0.512	0.032
1809	1.1580000000000002e-06	0.512	0.024
1810	1.16e-06	0.512	0.024
1811	1.162e-06	0.512	0.024
1812	1.1640000000000002e-06	0.512	0.024
1813	1.166e-06	0.512	0.024
1814	1.168e-06	0.512	0.024
1815	1.1700000000000002e-06	0.512	0.024
1816	1.172e-06	0.512	0.024
1817	1.1740000000000001e-06	0.512	0.024
1818	1.1760000000000003e-06	0.512	0.024
1819	1.178e-06	0.512	0.016
1820	1.1800000000000001e-06	0.512	0.016
1821	1.1819999999999999e-06	0.512	0.016
1822	1.184e-06	0.512	0.016
1823	1.1860000000000002e-06	0.512	0.016
1824	1.1879999999999999e-06	0.512	0.016
1825	1.19e-06	0.512	0.016
1826	1.1920000000000002e-06	0.512	0.008
1827	1.194e-06	0.512	0.008
1828	1.196e-06	0.512	0.008
1829	1.1980000000000002e-06	0.512	0.008
1830	1.2e-06	0.512	0.008
1831	1.202e-06	0.512	0.0
1832	1.2040000000000002e-06	0.512	0.0
1833	1.206e-06	0.512	0.0
1834	1.2080000000000001e-06	0.512	0.0
1835	1.2100000000000003e-06	0.512	0.0
1836	1.212e-06	0.512	0.0
1837	1.2140000000000002e-06	0.512	0.0
1838	1.2159999999999999e-06	0.512	-0.008
1839	1.218e-06	0.512	-0.008
1840	1.2200000000000002e-06	0.512	-0.008
1841	1.222e-06	0.512	-0.008
1842	1.224e-06	0.512	-0.008
1843	1.2260000000000002e-06	0.512	-0.016
1844	1.228e-06	0.512	-0.008
1845	1.23e-06	0.512	-0.016
1846	1.2320000000000002e-06	0.512	-0.008
1847	1.234e-06	0.512	-0.016
1848	1.2360000000000001e-06	0.512	-0.016
1849	1.2380000000000003e-06	0.512	-0.016
1850	1.24e-06	0.512	-0.016
1851	1.2420000000000001e-06	0.512	-0.016
1852	1.2439999999999999e-06	0.512	-0.016
1853	1.246e-06	0.512	-0.016
1854	1.2480000000000002e-06	0.512	-0.016
1855	1.2499999999999999e-06	0.512	-0.016
1856	1.252e-06	0.512	-0.016
1857	1.2540000000000002e-06	0.512	-0.016
1858	1.256e-06	0.512	-0.024
1859	1.258e-06	0.512	-0.024
1860	1.2600000000000002e-06	0.512	-0.016
1861	1.262e-06	0.512	-0.016
1862	1.264e-06	0.512	-0.016
1863	1.2660000000000002e-06	0.512	-0.016
1864	1.268e-06	0.512	-0.016
1865	1.2700000000000001e-06	0.512	-0.016
1866	1.2720000000000003e-06	0.512	-0.016
1867	1.274e-06	0.512	-0.016
1868	1.2760000000000001e-06	0.512	-0.016
1869	1.2779999999999999e-06	0.512	-0.016
1870	1.28e-06	0.512	-0.016
1871	1.2820000000000002e-06	0.512	-0.016
1872	1.284e-06	0.512	-0.016
1873	1.286e-06	0.512	-0.016
1874	1.2880000000000002e-06	0.512	-0.016
1875	1.29e-06	0.512	-0.008
1876	1.292e-06	0.512	-0.008
1877	1.2940000000000002e-06	0.512	-0.008
1878	1.296e-06	0.512	-0.008
1879	1.2980000000000001e-06	0.512	-0.008
1880	1.3000000000000003e-06	0.512	-0.008
1881	1.302e-06	0.512	-0.008
1882	1.3040000000000001e-06	0.512	-0.008
1883	1.3059999999999999e-06	0.512	0.0
1884	1.308e-06	0.512	0.0
1885	1.3100000000000002e-06	0.512	0.0
1886	1.3119999999999999e-06	0.512	0.0
1887	1.314e-06	0.512	0.0
1888	1.3160000000000002e-06	0.512	0.0
1889	1.318e-06	0.512	0.0
1890	1.32e-06	0.512	0.0
1891	1.3220000000000002e-06	0.512	0.008
1892	1.324e-06	0.512	0.008
1893	1.326e-06	0.512	0.008
1894	1.3280000000000002e-06	0.512	0.008
1895	1.33e-06	0.512	0.008
1896	1.3320000000000001e-06	0.512	0.008
1897	1.3340000000000003e-06	0.512	0.008
1898	1.336e-06	0.512	0.008
1899	1.3380000000000001e-06	0.512	0.016
1900	1.3399999999999999e-06	0.512	0.016
1901	1.342e-06	0.512	0.016
1902	1.3440000000000002e-06	0.512	0.016
1903	1.346e-06	0.512	0.016
1904	1.348e-06	0.512	0.016
1905	1.3500000000000002e-06	0.512	0.016
1906	1.352e-06	0.512	0.016
1907	1.354e-06	0.512	0.016
1908	1.3560000000000002e-06	0.512	0.016
1909	1.3580000000000004e-06	0.512	0.016
1910	1.3599999999999997e-06	0.512	0.016
1911	1.3619999999999998e-06	0.512	0.016
1912	1.364e-06	0.512	0.016
1913	1.3660000000000001e-06	0.512	0.016
1914	1.3680000000000003e-06	0.512	0.016
1915	1.3700000000000004e-06	0.512	0.016
1916	1.3719999999999997e-06	0.512	0.016
1917	1.3739999999999999e-06	0.512	0.016
1918	1.376e-06	0.512	0.016
1919	1.3780000000000002e-06	0.512	0.016
1920	1.3800000000000003e-06	0.512	0.016
1921	1.3820000000000005e-06	0.512	0.016
1922	1.3839999999999998e-06	0.512	0.016
1923	1.386e-06	0.512	0.016
1924	1.388e-06	0.512	0.016
1925	1.3900000000000002e-06	0.512	0.016
1926	1.3920000000000004e-06	0.512	0.016
1927	1.3939999999999997e-06	0.512	0.016
1928	1.3959999999999998e-06	0.512	0.016
1929	1.398e-06	0.512	0.016
1930	1.4000000000000001e-06	0.512	0.016
1931	1.4020000000000003e-06	0.512	0.016
1932	1.4040000000000004e-06	0.512	0.008
1933	1.4059999999999998e-06	0.512	0.008
1934	1.408e-06	0.512	0.008
1935	1.41e-06	0.512	0.008
1936	1.4120000000000002e-06	0.512	0.008
1937	1.4140000000000004e-06	0.512	0.008
1938	1.4159999999999997e-06	0.512	0.008
1939	1.4179999999999998e-06	0.512	0.008
1940	1.42e-06	0.512	0.008
1941	1.4220000000000001e-06	0.512	0.008
1942	1.4240000000000003e-06	0.512	0.0
1943	1.4260000000000004e-06	0.512	0.0
1944	1.4279999999999997e-06	0.512	0.0
1945	1.4299999999999999e-06	0.512	0.0
1946	1.432e-06	0.512	0.0
1947	1.4340000000000002e-06	0.512	0.0
1948	1.4360000000000003e-06	0.512	0.0
1949	1.4380000000000005e-06	0.512	0.0
1950	1.4399999999999998e-06	0.512	0.0
1951	1.442e-06	0.512	0.0
1952	1.444e-06	0.512	0.0
1953	1.4460000000000002e-06	0.512	-0.008
1954	1.4480000000000004e-06	0.512	-0.008
1955	1.4499999999999997e-06	0.512	-0.008
1956	1.4519999999999998e-06	0.512	-0.008
1957	1.454e-06	0.512	-0.008
1958	1.4560000000000001e-06	0.512	-0.008
1959	1.4580000000000003e-06	0.512	-0.008
1960	1.4600000000000004e-06	0.512	-0.008
1961	1.4619999999999997e-06	0.512	-0.008
1962	1.4639999999999999e-06	0.512	-0.008
1963	1.466e-06	0.512	-0.008
1964	1.4680000000000002e-06	0.512	-0.016
1965	1.4700000000000003e-06	0.512	-0.008
1966	1.4720000000000005e-06	0.512	-0.008
1967	1.4739999999999998e-06	0.512	-0.016
1968	1.476e-06	0.512	-0.008
1969	1.478e-06	0.512	-0.008
1970	1.4800000000000002e-06	0.512	-0.008
1971	1.4820000000000004e-06	0.512	-0.008
1972	1.4839999999999997e-06	0.512	-0.016
1973	1.4859999999999998e-06	0.512	-0.016
1974	1.488e-06	0.512	-0.016
1975	1.4900000000000001e-06	0.512	-0.016
1976	1.4920000000000003e-06	0.512	-0.008
1977	1.4940000000000004e-06	0.512	-0.008
1978	1.4959999999999997e-06	0.512	-0.016
1979	1.4979999999999999e-06	0.512	-0.008
1980	1.5e-06	0.512	-0.008
1981	1.5020000000000002e-06	0.512	-0.008
1982	1.5040000000000003e-06	0.512	-0.008
1983	1.5060000000000005e-06	0.512	-0.008
1984	1.5079999999999998e-06	0.512	-0.008
1985	1.51e-06	0.512	-0.008
1986	1.512e-06	0.512	-0.008
1987	1.5140000000000002e-06	0.512	-0.008
1988	1.5160000000000004e-06	0.512	-0.008
1989	1.5179999999999997e-06	0.512	-0.008
1990	1.5199999999999998e-06	0.512	-0.008
1991	1.522e-06	0.512	-0.008
1992	1.5240000000000001e-06	0.512	0.0
1993	1.5260000000000003e-06	0.512	-0.008
1994	1.5280000000000004e-06	0.512	0.0
1995	1.5299999999999998e-06	0.512	0.0
1996	1.532e-06	0.512	0.0
1997	1.534e-06	0.512	0.0
1998	1.5360000000000002e-06	0.512	0.0
1999	1.5380000000000004e-06	0.512	0.0
2000	1.5400000000000005e-06	0.512	0.0
2001	1.5419999999999998e-06	0.512	0.0
2002	1.544e-06	0.512	0.0
2003	1.546e-06	0.512	0.008
2004	1.5480000000000003e-06	0.512	0.008
2005	1.5500000000000004e-06	0.512	0.008
2006	1.5519999999999997e-06	0.512	0.008
2007	1.5539999999999999e-06	0.512	0.008
2008	1.556e-06	0.512	0.008
2009	1.5580000000000002e-06	0.512	0.008
2010	1.5600000000000003e-06	0.512	0.008
2011	1.5620000000000005e-06	0.512	0.008
2012	1.5639999999999998e-06	0.512	0.008
2013	1.566e-06	0.512	0.008
2014	1.568e-06	0.512	0.008
2015	1.5700000000000002e-06	0.512	0.008
2016	1.5720000000000004e-06	0.512	0.016
2017	1.5739999999999997e-06	0.512	0.008
2018	1.5759999999999998e-06	0.512	0.016
2019	1.578e-06	0.512	0.016
2020	1.5800000000000001e-06	0.512	0.016
2021	1.5820000000000003e-06	0.512	0.016
2022	1.5840000000000004e-06	0.512	0.016
2023	1.5859999999999997e-06	0.512	0.016
2024	1.5879999999999999e-06	0.512	0.016
2025	1.59e-06	0.512	0.016
2026	1.5920000000000002e-06	0.512	0.016
2027	1.5940000000000003e-06	0.512	0.016
2028	1.5960000000000005e-06	0.512	0.016
2029	1.5979999999999998e-06	0.512	0.016
2030	1.6e-06	0.512	0.016
2031	1.602e-06	0.512	0.016
2032	1.6040000000000002e-06	0.512	0.016
2033	1.6060000000000004e-06	0.512	0.016
2034	1.6079999999999997e-06	0.512	0.016
2035	1.6099999999999998e-06	0.512	0.016
2036	1.612e-06	0.512	0.016
2037	1.6140000000000001e-06	0.512	0.016
2038	1.6160000000000003e-06	0.512	0.016
2039	1.6180000000000004e-06	0.512	0.016
2040	1.6199999999999997e-06	0.512	0.016
2041	1.6219999999999999e-06	0.512	0.008
2042	1.624e-06	0.512	0.008
2043	1.6260000000000002e-06	0.512	0.016
2044	1.6280000000000003e-06	0.512	0.008
2045	1.6300000000000005e-06	0.512	0.008
2046	1.6319999999999998e-06	0.512	0.008
2047	1.634e-06	0.512	0.008
2048	1.636e-06	0.512	0.008
2049	1.6380000000000002e-06	0.512	0.008
2050	1.6400000000000004e-06	0.512	0.008
2051	1.6419999999999997e-06	0.512	0.008
2052	1.6439999999999998e-06	0.512	0.008
2053	1.646e-06	0.512	0.008
2054	1.6480000000000001e-06	0.512	0.008
2055	1.6500000000000003e-06	0.512	0.0
2056	1.6520000000000004e-06	0.512	0.0
2057	1.6539999999999997e-06	0.512	0.008
2058	1.656e-06	0.504	0.0
2059	1.658e-06	0.512	0.0
2060	1.6600000000000002e-06	0.512	0.0
2061	1.6620000000000004e-06	0.512	0.0
2062	1.6640000000000005e-06	0.512	0.0
2063	1.6659999999999998e-06	0.512	0.0
2064	1.668e-06	0.512	0.0
2065	1.67e-06	0.512	0.0
2066	1.6720000000000003e-06	0.512	0.0
2067	1.6740000000000004e-06	0.512	0.0
2068	1.6759999999999997e-06	0.512	0.0
2069	1.6779999999999999e-06	0.512	0.0
2070	1.68e-06	0.512	0.0
2071	1.6820000000000002e-06	0.512	0.0
2072	1.6840000000000003e-06	0.512	-0.008
2073	1.6860000000000005e-06	0.512	0.0
2074	1.6879999999999998e-06	0.512	-0.008
2075	1.69e-06	0.512	-0.008
2076	1.692e-06	0.512	-0.008
2077	1.6940000000000002e-06	0.512	-0.008
2078	1.6960000000000004e-06	0.504	-0.008
2079	1.6980000000000005e-06	0.512	-0.008
2080	1.6999999999999998e-06	0.512	-0.008
2081	1.702e-06	0.512	-0.008
2082	1.7040000000000001e-06	0.512	-0.008
2083	1.7060000000000003e-06	0.512	-0.008
2084	1.7080000000000004e-06	0.512	-0.008
2085	1.7099999999999997e-06	0.512	-0.008
2086	1.7119999999999999e-06	0.512	-0.008
2087	1.714e-06	0.512	-0.008
2088	1.7160000000000002e-06	0.512	-0.008
2089	1.7180000000000003e-06	0.512	-0.008
2090	1.7200000000000005e-06	0.512	-0.008
2091	1.7219999999999998e-06	0.512	-0.008
2092	1.724e-06	0.512	-0.008
2093	1.726e-06	0.512	-0.008
2094	1.7280000000000002e-06	0.512	-0.008
2095	1.7300000000000004e-06	0.512	0.0
2096	1.7319999999999997e-06	0.512	-0.008
2097	1.7339999999999998e-06	0.512	-0.008
2098	1.736e-06	0.512	-0.008
2099	1.7380000000000001e-06	0.512	-0.008
2100	1.7400000000000003e-06	0.512	0.0
2101	1.7420000000000004e-06	0.512	-0.008
2102	1.7439999999999997e-06	0.512	0.0
2103	1.7459999999999999e-06	0.512	0.0
2104	1.748e-06	0.512	0.0
2105	1.7500000000000002e-06	0.512	0.0
2106	1.7520000000000003e-06	0.512	0.0
2107	1.7540000000000005e-06	0.512	0.0
2108	1.7559999999999998e-06	0.512	0.0
2109	1.758e-06	0.512	0.0
2110	1.76e-06	0.512	0.0
2111	1.7620000000000002e-06	0.512	0.0
2112	1.7640000000000004e-06	0.512	0.0
2113	1.7659999999999997e-06	0.512	0.0
2114	1.7679999999999998e-06	0.512	0.0
2115	1.77e-06	0.512	0.0
2116	1.7720000000000001e-06	0.512	0.0
2117	1.7740000000000003e-06	0.512	0.0
2118	1.7760000000000004e-06	0.512	0.008
2119	1.7779999999999997e-06	0.512	0.0
2120	1.78e-06	0.512	0.0
2121	1.782e-06	0.512	0.008
2122	1.7840000000000002e-06	0.512	0.008
2123	1.7860000000000003e-06	0.512	0.008
2124	1.7880000000000005e-06	0.512	0.008
2125	1.7899999999999998e-06	0.512	0.008
2126	1.792e-06	0.512	0.008
2127	1.794e-06	0.512	0.008
2128	1.7960000000000003e-06	0.512	0.008
2129	1.7980000000000004e-06	0.504	0.008
2130	1.7999999999999997e-06	0.504	0.008
2131	1.8019999999999999e-06	0.512	0.008
2132	1.804e-06	0.512	0.008
2133	1.8060000000000002e-06	0.512	0.008
2134	1.8080000000000003e-06	0.512	0.008
2135	1.8100000000000005e-06	0.512	0.008
2136	1.8119999999999998e-06	0.512	0.008
2137	1.814e-06	0.504	0.008
2138	1.816e-06	0.512	0.008
2139	1.8180000000000002e-06	0.512	0.008
2140	1.8200000000000004e-06	0.512	0.008
2141	1.8220000000000005e-06	0.512	0.008
2142	1.8239999999999998e-06	0.512	0.008
2143	1.826e-06	0.512	0.008
2144	1.8280000000000001e-06	0.504	0.008
2145	1.8300000000000003e-06	0.512	0.008
2146	1.8320000000000004e-06	0.512	0.008
2147	1.8339999999999997e-06	0.512	0.008
2148	1.8359999999999999e-06	0.512	0.008
2149	1.838e-06	0.512	0.008
2150	1.8400000000000002e-06	0.512	0.008
2151	1.8420000000000003e-06	0.504	0.008
2152	1.8440000000000005e-06	0.512	0.008
2153	1.8459999999999998e-06	0.504	0.008
2154	1.848e-06	0.504	0.008
2155	1.85e-06	0.512	0.008
2156	1.8520000000000002e-06	0.504	0.008
2157	1.8540000000000004e-06	0.512	0.008
2158	1.8560000000000005e-06	0.512	0.008
2159	1.8579999999999998e-06	0.512	0.008
2160	1.86e-06	0.512	0.008
2161	1.8620000000000001e-06	0.512	0.008
2162	1.8640000000000003e-06	0.504	0.008
2163	1.8660000000000004e-06	0.512	0.008
2164	1.8679999999999997e-06	0.512	0.008
2165	1.8699999999999999e-06	0.504	0.008
2166	1.872e-06	0.512	0.0
2167	1.8740000000000002e-06	0.504	0.0
2168	1.8760000000000003e-06	0.512	0.0
2169	1.8780000000000005e-06	0.504	0.0
2170	1.8799999999999998e-06	0.504	0.0
2171	1.882e-06	0.512	0.0
2172	1.884e-06	0.512	0.0
2173	1.8860000000000002e-06	0.504	0.0
2174	1.8880000000000004e-06	0.512	0.0
2175	1.8899999999999997e-06	0.512	0.0
2176	1.8919999999999998e-06	0.512	0.0
2177	1.894e-06	0.512	0.0
2178	1.8960000000000001e-06	0.512	0.0
2179	1.8980000000000003e-06	0.512	0.0
2180	1.9000000000000004e-06	0.512	0.0
2181	1.9019999999999997e-06	0.512	0.0
2182	1.904e-06	0.504	0.0
2183	1.906e-06	0.512	0.0
2184	1.908e-06	0.512	0.0
2185	1.9100000000000003e-06	0.504	0.0
2186	1.9120000000000005e-06	0.512	0.0
2187	1.914e-06	0.512	0.0
2188	1.916e-06	0.512	-0.008
2189	1.918e-06	0.504	0.0
2190	1.9200000000000003e-06	0.504	0.0
2191	1.9220000000000004e-06	0.512	0.0
2192	1.9239999999999997e-06	0.512	0.0
2193	1.926e-06	0.504	0.0
2194	1.928e-06	0.504	0.0
2195	1.93e-06	0.504	-0.008
2196	1.9320000000000003e-06	0.512	-0.008
2197	1.9340000000000005e-06	0.512	0.0
2198	1.9359999999999998e-06	0.504	0.0
2199	1.938e-06	0.512	-0.008
2200	1.94e-06	0.504	-0.008
2201	1.942e-06	0.512	0.0
2202	1.9440000000000004e-06	0.504	0.0
2203	1.9460000000000005e-06	0.504	0.0
2204	1.948e-06	0.512	0.0
2205	1.95e-06	0.504	-0.008
2206	1.952e-06	0.512	0.0
2207	1.9540000000000003e-06	0.512	0.0
2208	1.9560000000000004e-06	0.504	0.0
2209	1.9579999999999997e-06	0.512	0.0
2210	1.96e-06	0.504	0.0
2211	1.962e-06	0.512	0.0
2212	1.964e-06	0.512	0.0
2213	1.9660000000000003e-06	0.504	0.0
2214	1.9680000000000005e-06	0.512	0.0
2215	1.9699999999999998e-06	0.504	0.0
2216	1.972e-06	0.504	0.0
2217	1.974e-06	0.512	0.0
2218	1.9760000000000002e-06	0.504	0.0
2219	1.9780000000000004e-06	0.512	0.0
2220	1.9800000000000005e-06	0.504	0.0
2221	1.982e-06	0.512	0.0
2222	1.984e-06	0.504	0.0
2223	1.986e-06	0.504	0.0
2224	1.9880000000000003e-06	0.512	0.0
2225	1.9900000000000004e-06	0.504	0.0
2226	1.9919999999999997e-06	0.512	0.0
2227	1.994e-06	0.512	0.008
2228	1.996e-06	0.504	0.0
2229	1.998e-06	0.512	0.008
2230	2.0000000000000003e-06	0.512	0.0
2231	2.0020000000000005e-06	0.504	0.008
2232	2.0039999999999998e-06	0.512	0.008
2233	2.006e-06	0.512	0.008
2234	2.008e-06	0.512	0.008
2235	2.0100000000000002e-06	0.504	0.008
2236	2.0120000000000004e-06	0.504	0.008
2237	2.0140000000000005e-06	0.512	0.008
2238	2.016e-06	0.512	0.008
2239	2.018e-06	0.512	0.008
2240	2.02e-06	0.504	0.008
2241	2.0220000000000003e-06	0.504	0.008
2242	2.0240000000000004e-06	0.504	0.008
2243	2.0259999999999997e-06	0.504	0.008
2244	2.028e-06	0.504	0.008
2245	2.03e-06	0.504	0.008
2246	2.032e-06	0.512	0.008
2247	2.0340000000000003e-06	0.512	0.008
2248	2.0360000000000005e-06	0.504	0.008
2249	2.038e-06	0.504	0.008
2250	2.04e-06	0.504	0.008
2251	2.042e-06	0.504	0.008
2252	2.0440000000000003e-06	0.504	0.008
2253	2.0460000000000004e-06	0.504	0.008
2254	2.0479999999999997e-06	0.504	0.008
2255	2.05e-06	0.504	0.008
2256	2.052e-06	0.504	0.008
2257	2.054e-06	0.512	0.008
2258	2.0560000000000003e-06	0.504	0.008
2259	2.0580000000000005e-06	0.504	0.008
2260	2.0599999999999998e-06	0.504	0.008
2261	2.062e-06	0.504	0.008
2262	2.064e-06	0.504	0.008
2263	2.066e-06	0.504	0.008
2264	2.0680000000000004e-06	0.504	0.008
2265	2.0700000000000005e-06	0.512	0.008
2266	2.072e-06	0.504	0.008
2267	2.074e-06	0.504	0.008
2268	2.076e-06	0.504	0.008
2269	2.0780000000000003e-06	0.504	0.008
2270	2.0800000000000004e-06	0.512	0.008
2271	2.0819999999999997e-06	0.504	0.008
2272	2.084e-06	0.512	0.008
2273	2.086e-06	0.512	0.008
2274	2.088e-06	0.504	0.008
2275	2.0900000000000003e-06	0.504	0.008
2276	2.0920000000000005e-06	0.504	0.008
2277	2.0939999999999998e-06	0.504	0.008
2278	2.096e-06	0.512	0.008
2279	2.098e-06	0.512	0.008
2280	2.1000000000000002e-06	0.504	0.0
2281	2.1020000000000004e-06	0.504	0.0
2282	2.1040000000000005e-06	0.504	0.008
2283	2.106e-06	0.504	0.008
2284	2.108e-06	0.504	0.0
2285	2.11e-06	0.504	0.0
2286	2.1120000000000003e-06	0.504	0.0
2287	2.1140000000000004e-06	0.504	0.0
2288	2.1159999999999997e-06	0.504	0.0
2289	2.118e-06	0.504	0.0
2290	2.12e-06	0.504	0.0
2291	2.122e-06	0.504	0.0
2292	2.1240000000000003e-06	0.504	0.0
2293	2.1260000000000005e-06	0.504	0.0
2294	2.1279999999999998e-06	0.504	0.0
2295	2.13e-06	0.512	0.0
2296	2.132e-06	0.504	0.0
2297	2.1340000000000002e-06	0.504	0.0
2298	2.1360000000000004e-06	0.504	0.0
2299	2.1380000000000005e-06	0.504	0.0
2300	2.14e-06	0.504	0.0
2301	2.142e-06	0.504	0.0
2302	2.144e-06	0.504	0.0
2303	2.1460000000000003e-06	0.504	0.0
2304	2.1480000000000004e-06	0.504	0.0
2305	2.1499999999999997e-06	0.504	0.0
2306	2.152e-06	0.504	0.0
2307	2.154e-06	0.512	0.0
2308	2.156e-06	0.504	-0.008
2309	2.1580000000000003e-06	0.504	0.0
2310	2.1600000000000005e-06	0.504	0.0
2311	2.162e-06	0.512	0.0
2312	2.164e-06	0.504	0.0
2313	2.166e-06	0.504	0.0
2314	2.1680000000000002e-06	0.504	0.0
2315	2.1700000000000004e-06	0.504	0.0
2316	2.1719999999999997e-06	0.504	0.0
2317	2.174e-06	0.504	0.0
2318	2.176e-06	0.504	0.0
2319	2.178e-06	0.504	0.0
2320	2.1800000000000003e-06	0.504	0.0
2321	2.1820000000000005e-06	0.504	0.0
2322	2.1839999999999998e-06	0.504	0.0
2323	2.186e-06	0.512	0.0
2324	2.188e-06	0.504	0.0
2325	2.19e-06	0.504	0.0
2326	2.1920000000000004e-06	0.504	0.0
2327	2.1940000000000005e-06	0.504	0.0
2328	2.196e-06	0.504	0.0
2329	2.198e-06	0.504	0.0
2330	2.2e-06	0.504	0.0
2331	2.2020000000000003e-06	0.504	0.0
2332	2.2040000000000004e-06	0.504	0.0
2333	2.2059999999999997e-06	0.504	0.0
2334	2.208e-06	0.504	0.0
2335	2.21e-06	0.504	0.0
2336	2.212e-06	0.504	0.0
2337	2.2140000000000003e-06	0.504	0.0
2338	2.2160000000000005e-06	0.504	0.0
2339	2.2179999999999998e-06	0.504	0.0
2340	2.22e-06	0.504	0.0
2341	2.222e-06	0.504	0.0
2342	2.2240000000000002e-06	0.504	0.0
2343	2.2260000000000004e-06	0.504	0.0
2344	2.2280000000000005e-06	0.512	0.0
2345	2.23e-06	0.504	0.0
2346	2.232e-06	0.504	0.0
2347	2.234e-06	0.504	0.008
2348	2.2360000000000003e-06	0.512	0.0
2349	2.2380000000000004e-06	0.504	0.008
2350	2.2399999999999997e-06	0.504	0.0
2351	2.242e-06	0.504	0.008
2352	2.244e-06	0.504	0.008
2353	2.246e-06	0.504	0.008
2354	2.2480000000000003e-06	0.504	0.008
2355	2.2500000000000005e-06	0.504	0.008
2356	2.2519999999999998e-06	0.512	0.008
2357	2.254e-06	0.504	0.008
2358	2.256e-06	0.504	0.008
2359	2.2580000000000002e-06	0.504	0.008
2360	2.2600000000000004e-06	0.504	0.008
2361	2.2620000000000005e-06	0.504	0.008
2362	2.264e-06	0.504	0.008
2363	2.266e-06	0.504	0.008
2364	2.268e-06	0.504	0.008
2365	2.2700000000000003e-06	0.504	0.008
2366	2.2720000000000004e-06	0.504	0.008
2367	2.2739999999999997e-06	0.504	0.008
2368	2.276e-06	0.504	0.008
2369	2.278e-06	0.504	0.008
2370	2.28e-06	0.504	0.008
2371	2.2820000000000003e-06	0.504	0.008
2372	2.2840000000000005e-06	0.504	0.008
2373	2.286e-06	0.504	0.008
2374	2.288e-06	0.504	0.008
2375	2.29e-06	0.504	0.008
2376	2.2920000000000002e-06	0.504	0.008
2377	2.2940000000000004e-06	0.504	0.008
2378	2.2960000000000005e-06	0.504	0.008
2379	2.298e-06	0.504	0.008
2380	2.3e-06	0.504	0.008
2381	2.302e-06	0.504	0.008
2382	2.3040000000000003e-06	0.504	0.008
2383	2.3060000000000005e-06	0.504	0.008
2384	2.3079999999999998e-06	0.504	0.008
2385	2.31e-06	0.504	0.008
2386	2.312e-06	0.504	0.008
2387	2.314e-06	0.504	0.008
2388	2.3160000000000004e-06	0.504	0.008
2389	2.3180000000000005e-06	0.504	0.0
2390	2.32e-06	0.504	0.008
2391	2.322e-06	0.504	0.008
2392	2.324e-06	0.504	0.008
2393	2.3260000000000003e-06	0.504	0.0
2394	2.3280000000000004e-06	0.504	0.0
2395	2.3299999999999997e-06	0.504	0.0
2396	2.332e-06	0.504	0.0
2397	2.334e-06	0.504	0.0
2398	2.336e-06	0.504	0.0
2399	2.3380000000000003e-06	0.504	0.008
2400	2.3400000000000005e-06	0.504	0.0
2401	2.3419999999999998e-06	0.504	0.0
2402	2.344e-06	0.504	0.008
2403	2.346e-06	0.504	0.008
2404	2.3480000000000002e-06	0.504	0.0
2405	2.3500000000000004e-06	0.504	0.0
2406	2.3520000000000005e-06	0.504	0.0
2407	2.354e-06	0.504	0.0
2408	2.356e-06	0.504	0.0
2409	2.358e-06	0.504	0.0
2410	2.3600000000000003e-06	0.512	0.0
2411	2.3620000000000004e-06	0.504	0.0
2412	2.3639999999999997e-06	0.504	0.0
2413	2.366e-06	0.504	0.0
2414	2.368e-06	0.504	0.0
2415	2.37e-06	0.504	0.0
2416	2.3720000000000003e-06	0.504	0.0
2417	2.3740000000000005e-06	0.504	0.0
2418	2.3759999999999998e-06	0.504	0.0
2419	2.378e-06	0.504	0.0
2420	2.38e-06	0.504	0.0
2421	2.3820000000000002e-06	0.504	0.0
2422	2.3840000000000004e-06	0.504	0.0
2423	2.3860000000000005e-06	0.504	0.0
2424	2.388e-06	0.504	0.0
2425	2.39e-06	0.504	0.0
2426	2.392e-06	0.504	0.0
2427	2.3940000000000003e-06	0.504	0.0
2428	2.3960000000000004e-06	0.504	0.0
2429	2.3979999999999997e-06	0.504	0.0
2430	2.4e-06	0.504	0.0
2431	2.402e-06	0.504	0.0
2432	2.404e-06	0.504	0.0
2433	2.4060000000000003e-06	0.504	0.0
2434	2.4080000000000005e-06	0.504	0.0
2435	2.41e-06	0.504	0.0
2436	2.412e-06	0.504	0.0
2437	2.414e-06	0.504	0.0
2438	2.4160000000000002e-06	0.504	0.0
2439	2.4180000000000004e-06	0.504	0.0
2440	2.4200000000000005e-06	0.504	0.0
2441	2.422e-06	0.504	0.0
2442	2.424e-06	0.504	0.0
2443	2.426e-06	0.504	0.0
2444	2.4280000000000003e-06	0.504	0.0
2445	2.4300000000000005e-06	0.504	0.0
2446	2.4319999999999998e-06	0.504	0.0
2447	2.434e-06	0.504	0.0
2448	2.436e-06	0.504	0.0
2449	2.438e-06	0.504	0.0
2450	2.4400000000000004e-06	0.504	0.0
2451	2.4420000000000005e-06	0.504	0.0
2452	2.444e-06	0.504	0.0
2453	2.446e-06	0.504	0.0
2454	2.448e-06	0.504	0.0
2455	2.4500000000000003e-06	0.504	0.0
2456	2.4520000000000004e-06	0.504	0.0
2457	2.4540000000000006e-06	0.504	0.0
2458	2.456e-06	0.504	0.0
2459	2.458e-06	0.504	0.0
2460	2.46e-06	0.504	0.0
2461	2.4620000000000003e-06	0.504	0.0
2462	2.4640000000000005e-06	0.504	0.008
2463	2.4659999999999998e-06	0.504	0.0
2464	2.468e-06	0.504	0.008
2465	2.47e-06	0.504	0.008
2466	2.4720000000000002e-06	0.504	0.008
2467	2.4740000000000004e-06	0.504	0.008
2468	2.4760000000000005e-06	0.504	0.008
2469	2.478e-06	0.504	0.0
2470	2.48e-06	0.504	0.008
2471	2.482e-06	0.504	0.008
2472	2.4840000000000003e-06	0.504	0.008
2473	2.4860000000000004e-06	0.504	0.008
2474	2.4879999999999997e-06	0.504	0.008
2475	2.49e-06	0.504	0.008
2476	2.492e-06	0.504	0.008
2477	2.494e-06	0.504	0.0
2478	2.4960000000000003e-06	0.504	0.008
2479	2.4980000000000005e-06	0.504	0.008
2480	2.4999999999999998e-06	0.504	0.008
2481	2.502e-06	0.504	0.008
2482	2.504e-06	0.504	0.008
2483	2.5060000000000002e-06	0.504	0.008
2484	2.5080000000000004e-06	0.504	0.008
2485	2.5100000000000005e-06	0.504	0.008
2486	2.512e-06	0.504	0.008
2487	2.514e-06	0.504	0.008
2488	2.516e-06	0.504	0.0
2489	2.5180000000000003e-06	0.504	0.0
2490	2.5200000000000004e-06	0.504	0.008
2491	2.5219999999999997e-06	0.504	0.008
2492	2.524e-06	0.504	0.0
2493	2.526e-06	0.504	0.008
2494	2.528e-06	0.504	0.008
2495	2.5300000000000003e-06	0.504	0.0
2496	2.5320000000000005e-06	0.504	0.008
2497	2.534e-06	0.504	0.0
2498	2.536e-06	0.504	0.0
2499	2.538e-06	0.504	0.0
