n	t       V1      V2
0	-0.005	-0.032	0.016
1	-0.0049960000000000004	-0.032	0.016
2	-0.004992	-0.024	0.016
3	-0.004988	-0.024	0.016
4	-0.004984	-0.024	0.016
5	-0.00498	-0.016	0.016
6	-0.004976	-0.016	0.016
7	-0.004972	-0.016	0.016
8	-0.004968	-0.008	0.016
9	-0.0049640000000000005	-0.008	0.016
10	-0.00496	-0.008	0.016
11	-0.004956	0.0	0.016
12	-0.004952	0.0	0.016
13	-0.004948	0.0	0.016
14	-0.0049440000000000005	0.008	0.016
15	-0.00494	0.008	0.016
16	-0.004936	0.008	0.016
17	-0.004932	0.008	0.016
18	-0.004928	0.016	0.016
19	-0.004924	0.016	0.016
20	-0.00492	0.024	0.016
21	-0.004916	0.024	0.016
22	-0.004912	0.024	0.016
23	-0.004908	0.024	0.016
24	-0.004904	0.032	0.016
25	-0.0049	0.032	0.016
26	-0.004896	0.032	0.016
27	-0.0048920000000000005	0.04	0.016
28	-0.004888	0.04	0.016
29	-0.004884	0.04	0.016
30	-0.00488	0.048	0.016
31	-0.004876	0.048	0.016
32	-0.0048720000000000005	0.056	0.016
33	-0.004868	0.056	0.016
34	-0.004864	0.056	0.016
35	-0.00486	0.056	0.016
36	-0.004856	0.056	0.016
37	-0.004852	0.064	0.016
38	-0.004848	0.064	0.016
39	-0.004844	0.064	0.016
40	-0.0048400000000000006	0.07200000000000001	0.016
41	-0.004836	0.07200000000000001	0.016
42	-0.004832	0.07200000000000001	0.016
43	-0.004828	0.08	0.016
44	-0.004824	0.08	0.016
45	-0.0048200000000000005	0.08	0.016
46	-0.004816	0.088	0.016
47	-0.004812	0.088	0.016
48	-0.004808	0.088	0.016
49	-0.004804	0.088	0.016
50	-0.0048000000000000004	0.096	0.016
51	-0.004796	0.096	0.016
52	-0.004792	0.10400000000000001	0.016
53	-0.004788	0.10400000000000001	0.016
54	-0.004784	0.10400000000000001	0.016
55	-0.00478	0.10400000000000001	0.016
56	-0.004776	0.112	0.016
57	-0.004772	0.112	0.016
58	-0.004768	0.12	0.016
59	-0.004764	0.12	0.016
60	-0.00476	0.12	0.016
61	-0.004756	0.12	0.016
62	-0.004752	0.12	0.016
63	-0.0047480000000000005	0.128	0.016
64	-0.004744	0.128	0.016
65	-0.00474	0.136	0.016
66	-0.004736	0.136	0.016
67	-0.004732	0.136	0.016
68	-0.004728	0.136	0.016
69	-0.004724	0.14400000000000002	0.016
70	-0.00472	0.14400000000000002	0.016
71	-0.004716	0.14400000000000002	0.016
72	-0.004712	0.152	0.016
73	-0.004708	0.152	0.016
74	-0.004704	0.152	0.016
75	-0.0047	0.16	0.016
76	-0.0046960000000000005	0.16	0.016
77	-0.004692	0.16	0.016
78	-0.004688	0.168	0.016
79	-0.004684	0.168	0.016
80	-0.00468	0.168	0.016
81	-0.0046760000000000005	0.168	0.016
82	-0.004672	0.176	0.016
83	-0.004668	0.176	0.016
84	-0.004664	0.176	0.016
85	-0.00466	0.184	0.016
86	-0.004656	0.184	0.016
87	-0.004652	0.184	0.016
88	-0.004648	0.184	0.016
89	-0.0046440000000000006	0.184	0.016
90	-0.00464	0.192	0.016
91	-0.004636	0.192	0.016
92	-0.004632	0.2	0.016
93	-0.004628	0.2	0.016
94	-0.0046240000000000005	0.2	0.016
95	-0.00462	0.2	0.016
96	-0.004616	0.20800000000000002	0.016
97	-0.004612	0.20800000000000002	0.016
98	-0.004608	0.20800000000000002	0.016
99	-0.0046040000000000005	0.216	0.016
100	-0.0046	0.216	0.016
101	-0.004596	0.216	0.016
102	-0.004592	0.216	0.016
103	-0.004588	0.224	0.016
104	-0.004584	0.224	0.016
105	-0.00458	0.224	0.016
106	-0.004576	0.232	0.016
107	-0.004572	0.232	0.016
108	-0.004568	0.232	0.016
109	-0.004564	0.232	0.016
110	-0.00456	0.24	0.016
111	-0.004556	0.24	0.016
112	-0.0045520000000000005	0.24	0.016
113	-0.004548	0.24	0.016
114	-0.004544	0.248	0.016
115	-0.00454	0.248	0.016
116	-0.004536	0.248	0.016
117	-0.0045320000000000004	0.256	0.016
118	-0.004528	0.256	0.016
119	-0.004524	0.256	0.016
120	-0.00452	0.264	0.016
121	-0.004516	0.264	0.016
122	-0.004512	0.264	0.016
123	-0.004508	0.264	0.016
124	-0.004504	0.272	0.016
125	-0.0045000000000000005	0.272	0.016
126	-0.004496	0.272	0.016
127	-0.004492	0.272	0.016
128	-0.004488	0.28	0.016
129	-0.004484	0.28	0.016
130	-0.0044800000000000005	0.28	0.016
131	-0.004476	0.28800000000000003	0.016
132	-0.004472	0.28800000000000003	0.016
133	-0.004468	0.28800000000000003	0.016
134	-0.004464	0.28800000000000003	0.016
135	-0.00446	0.296	0.016
136	-0.004456	0.296	0.016
137	-0.004452	0.296	0.016
138	-0.0044480000000000006	0.304	0.016
139	-0.004444	0.304	0.016
140	-0.00444	0.304	0.016
141	-0.004436	0.304	0.016
142	-0.004432	0.304	0.016
143	-0.004428	0.312	0.016
144	-0.004424	0.312	0.016
145	-0.00442	0.312	0.016
146	-0.004416	0.32	0.016
147	-0.004412	0.32	0.016
148	-0.0044080000000000005	0.32	0.016
149	-0.004404	0.32	0.016
150	-0.0044	0.32	0.016
151	-0.004396000000000001	0.328	0.016
152	-0.004392	0.328	0.016
153	-0.004388	0.328	0.016
154	-0.004384	0.328	0.016
155	-0.00438	0.336	0.016
156	-0.004376	0.336	0.016
157	-0.004372	0.336	0.016
158	-0.004368	0.336	0.016
159	-0.004364	0.336	0.016
160	-0.00436	0.34400000000000003	0.016
161	-0.0043560000000000005	0.34400000000000003	0.016
162	-0.004352	0.34400000000000003	0.016
163	-0.004348	0.352	0.016
164	-0.004344	0.352	0.016
165	-0.00434	0.352	0.016
166	-0.0043360000000000004	0.352	0.016
167	-0.004332	0.352	0.016
168	-0.004328	0.352	0.016
169	-0.004324	0.36	0.016
170	-0.00432	0.36	0.016
171	-0.004316	0.36	0.016
172	-0.004312	0.368	0.016
173	-0.004308	0.368	0.016
174	-0.0043040000000000005	0.368	0.016
175	-0.0043	0.368	0.016
176	-0.004296	0.368	0.016
177	-0.004292	0.376	0.016
178	-0.004288	0.376	0.016
179	-0.0042840000000000005	0.376	0.016
180	-0.00428	0.376	0.016
181	-0.004276	0.384	0.016
182	-0.004272	0.384	0.016
183	-0.004268	0.384	0.016
184	-0.004264	0.384	0.016
185	-0.00426	0.384	0.016
186	-0.004256	0.392	0.016
187	-0.004252000000000001	0.392	0.016
188	-0.004248	0.392	0.016
189	-0.004244	0.392	0.016
190	-0.00424	0.392	0.016
191	-0.004236	0.392	0.016
192	-0.004232	0.4	0.016
193	-0.004228	0.4	0.016
194	-0.004224	0.4	0.016
195	-0.00422	0.4	0.016
196	-0.004216	0.4	0.016
197	-0.0042120000000000005	0.40800000000000003	0.016
198	-0.004208	0.40800000000000003	0.016
199	-0.004204	0.40800000000000003	0.016
200	-0.004200000000000001	0.40800000000000003	0.016
201	-0.004196	0.40800000000000003	0.016
202	-0.004192	0.41600000000000004	0.016
203	-0.004188	0.41600000000000004	0.016
204	-0.004184	0.41600000000000004	0.016
205	-0.00418	0.41600000000000004	0.016
206	-0.004176	0.41600000000000004	0.016
207	-0.004172	0.41600000000000004	0.016
208	-0.004168	0.424	0.016
209	-0.004164	0.424	0.016
210	-0.0041600000000000005	0.424	0.016
211	-0.004156	0.424	0.016
212	-0.004152	0.424	0.016
213	-0.004148	0.432	0.016
214	-0.004144	0.432	0.016
215	-0.0041400000000000005	0.432	0.016
216	-0.004136	0.432	0.016
217	-0.004132	0.432	0.016
218	-0.004128	0.432	0.016
219	-0.004124	0.432	0.016
220	-0.00412	0.44	0.016
221	-0.004116	0.44	0.016
222	-0.004112	0.44	0.016
223	-0.0041080000000000005	0.44	0.016
224	-0.004104	0.44	0.016
225	-0.0041	0.448	0.016
226	-0.004096	0.448	0.008
227	-0.004092	0.448	0.008
228	-0.0040880000000000005	0.448	0.016
229	-0.004084	0.448	0.008
230	-0.00408	0.448	0.008
231	-0.004076	0.448	0.016
232	-0.004072	0.456	0.008
233	-0.0040680000000000004	0.456	0.008
234	-0.004064	0.456	0.008
235	-0.00406	0.456	0.008
236	-0.004056000000000001	0.456	0.008
237	-0.004052	0.456	0.008
238	-0.004048	0.464	0.008
239	-0.004044	0.464	0.008
240	-0.00404	0.464	0.008
241	-0.0040360000000000005	0.464	0.008
242	-0.004032	0.464	0.008
243	-0.004028	0.464	0.008
244	-0.004024	0.464	0.008
245	-0.00402	0.464	0.008
246	-0.0040160000000000005	0.464	0.008
247	-0.004012	0.464	0.008
248	-0.004008	0.464	0.008
249	-0.004004000000000001	0.464	0.008
250	-0.004	0.47200000000000003	0.008
251	-0.003996	0.47200000000000003	0.008
252	-0.003992	0.47200000000000003	0.008
253	-0.003988	0.47200000000000003	0.008
254	-0.003984	0.47200000000000003	0.008
255	-0.00398	0.47200000000000003	0.008
256	-0.003976	0.47200000000000003	0.008
257	-0.003972	0.48	0.008
258	-0.003968	0.48	0.008
259	-0.0039640000000000005	0.48	0.008
260	-0.00396	0.48	0.008
261	-0.003956	0.48	0.008
262	-0.003952000000000001	0.48	0.008
263	-0.003948	0.48	0.008
264	-0.0039440000000000005	0.48	0.008
265	-0.00394	0.48	0.008
266	-0.003936	0.48	0.008
267	-0.003932	0.48	0.008
268	-0.003928	0.48	0.008
269	-0.003924	0.488	0.008
270	-0.00392	0.488	0.008
271	-0.003916	0.488	0.008
272	-0.0039120000000000005	0.488	0.008
273	-0.003908	0.488	0.008
274	-0.0039040000000000004	0.488	0.008
275	-0.0039000000000000003	0.488	0.008
276	-0.003896	0.488	0.008
277	-0.003892	0.488	0.008
278	-0.003888	0.488	0.008
279	-0.0038840000000000003	0.496	0.008
280	-0.00388	0.496	0.008
281	-0.003876	0.496	0.008
282	-0.0038720000000000004	0.496	0.008
283	-0.003868	0.496	0.008
284	-0.0038640000000000002	0.496	0.008
285	-0.00386	0.496	0.008
286	-0.003856	0.496	0.008
287	-0.0038520000000000004	0.496	0.008
288	-0.003848	0.496	0.008
289	-0.003844	0.496	0.008
290	-0.00384	0.496	0.008
291	-0.003836	0.496	0.008
292	-0.0038320000000000003	0.496	0.008
293	-0.0038280000000000002	0.496	0.008
294	-0.003824	0.496	0.008
295	-0.0038200000000000005	0.496	0.008
296	-0.003816	0.496	0.008
297	-0.0038120000000000003	0.504	0.008
298	-0.003808	0.504	0.008
299	-0.003804	0.504	0.008
300	-0.0038000000000000004	0.504	0.008
301	-0.003796	0.504	0.008
302	-0.0037920000000000002	0.504	0.008
303	-0.003788	0.504	0.0
304	-0.003784	0.504	0.008
305	-0.0037800000000000004	0.504	0.0
306	-0.003776	0.504	0.0
307	-0.003772	0.504	0.0
308	-0.003768	0.504	0.008
309	-0.003764	0.504	0.008
310	-0.0037600000000000003	0.504	0.0
311	-0.0037560000000000002	0.504	0.0
312	-0.003752	0.504	0.0
313	-0.0037480000000000005	0.504	0.0
314	-0.003744	0.504	0.0
315	-0.0037400000000000003	0.504	0.0
316	-0.003736	0.504	0.0
317	-0.003732	0.504	0.0
318	-0.0037280000000000004	0.504	0.0
319	-0.003724	0.504	0.0
320	-0.00372	0.504	0.0
321	-0.003716	0.504	0.0
322	-0.003712	0.504	0.0
323	-0.0037080000000000004	0.504	0.0
324	-0.0037040000000000003	0.504	0.0
325	-0.0037	0.504	0.0
326	-0.003696	0.504	0.0
327	-0.003692	0.504	0.0
328	-0.0036880000000000003	0.504	0.0
329	-0.003684	0.504	0.0
330	-0.00368	0.504	0.0
331	-0.0036760000000000004	0.504	0.0
332	-0.003672	0.504	0.0
333	-0.0036680000000000003	0.504	0.0
334	-0.003664	0.504	0.0
335	-0.00366	0.504	0.0
336	-0.0036560000000000004	0.504	0.0
337	-0.003652	0.504	0.0
338	-0.003648	0.504	0.0
339	-0.003644	0.504	0.0
340	-0.00364	0.504	0.0
341	-0.0036360000000000003	0.504	0.0
342	-0.0036320000000000002	0.504	0.0
343	-0.003628	0.504	0.0
344	-0.0036240000000000005	0.504	0.0
345	-0.00362	0.504	0.0
346	-0.0036160000000000003	0.504	0.0
347	-0.003612	0.504	0.0
348	-0.003608	0.504	0.0
349	-0.0036040000000000004	0.504	0.0
350	-0.0036	0.504	0.0
351	-0.0035960000000000002	0.504	0.0
352	-0.003592	0.504	0.0
353	-0.003588	0.504	0.0
354	-0.0035840000000000004	0.496	0.0
355	-0.00358	0.504	0.0
356	-0.003576	0.504	0.0
357	-0.003572	0.496	0.0
358	-0.003568	0.496	0.0
359	-0.0035640000000000003	0.496	0.0
360	-0.0035600000000000002	0.496	0.0
361	-0.003556	0.496	0.0
362	-0.0035520000000000005	0.496	0.0
363	-0.003548	0.496	0.0
364	-0.0035440000000000003	0.496	0.0
365	-0.00354	0.496	0.0
366	-0.003536	0.496	0.0
367	-0.0035320000000000004	0.496	0.0
368	-0.003528	0.496	0.0
369	-0.0035240000000000002	0.496	0.0
370	-0.00352	0.496	0.0
371	-0.003516	0.496	0.0
372	-0.0035120000000000004	0.496	0.0
373	-0.0035080000000000003	0.496	0.0
374	-0.003504	0.488	0.0
375	-0.0035	0.488	0.0
376	-0.003496	0.488	0.0
377	-0.0034920000000000003	0.488	0.0
378	-0.003488	0.488	0.0
379	-0.003484	0.488	0.0
380	-0.0034800000000000005	0.488	0.0
381	-0.003476	0.488	0.0
382	-0.0034720000000000003	0.488	0.0
383	-0.003468	0.48	0.0
384	-0.003464	0.48	0.0
385	-0.0034600000000000004	0.48	0.0
386	-0.003456	0.48	0.0
387	-0.003452	0.48	0.0
388	-0.003448	0.48	0.0
389	-0.003444	0.48	0.0
390	-0.0034400000000000003	0.48	0.0
391	-0.0034360000000000003	0.48	0.0
392	-0.003432	0.48	0.0
393	-0.0034280000000000005	0.48	-0.008
394	-0.003424	0.47200000000000003	0.0
395	-0.0034200000000000003	0.47200000000000003	0.0
396	-0.003416	0.47200000000000003	-0.008
397	-0.003412	0.47200000000000003	-0.008
398	-0.0034080000000000004	0.47200000000000003	0.0
399	-0.003404	0.47200000000000003	-0.008
400	-0.0034000000000000002	0.47200000000000003	-0.008
401	-0.003396	0.47200000000000003	-0.008
402	-0.003392	0.464	-0.008
403	-0.0033880000000000004	0.464	-0.008
404	-0.003384	0.464	-0.008
405	-0.00338	0.464	-0.008
406	-0.003376	0.464	-0.008
407	-0.003372	0.464	-0.008
408	-0.0033680000000000003	0.464	-0.008
409	-0.0033640000000000002	0.464	-0.008
410	-0.00336	0.464	-0.008
411	-0.0033560000000000005	0.464	-0.008
412	-0.003352	0.464	-0.008
413	-0.0033480000000000003	0.456	-0.008
414	-0.003344	0.456	-0.008
415	-0.00334	0.456	-0.008
416	-0.0033360000000000004	0.456	-0.008
417	-0.003332	0.456	-0.008
418	-0.0033280000000000002	0.456	-0.008
419	-0.003324	0.456	-0.008
420	-0.00332	0.448	-0.008
421	-0.0033160000000000004	0.448	-0.008
422	-0.0033120000000000003	0.448	-0.008
423	-0.003308	0.448	-0.008
424	-0.003304	0.448	-0.008
425	-0.0033	0.448	-0.008
426	-0.0032960000000000003	0.448	-0.008
427	-0.0032920000000000002	0.44	-0.008
428	-0.003288	0.44	-0.008
429	-0.0032840000000000005	0.44	-0.008
430	-0.00328	0.44	-0.008
431	-0.0032760000000000003	0.44	-0.008
432	-0.003272	0.432	-0.008
433	-0.003268	0.432	-0.008
434	-0.0032640000000000004	0.432	-0.008
435	-0.00326	0.432	-0.008
436	-0.003256	0.432	-0.008
437	-0.003252	0.432	-0.008
438	-0.003248	0.424	-0.008
439	-0.0032440000000000004	0.424	-0.008
440	-0.0032400000000000003	0.424	-0.008
441	-0.003236	0.424	-0.008
442	-0.0032320000000000005	0.424	-0.008
443	-0.003228	0.424	-0.008
444	-0.0032240000000000003	0.41600000000000004	-0.008
445	-0.00322	0.41600000000000004	-0.008
446	-0.003216	0.41600000000000004	-0.008
447	-0.0032120000000000004	0.41600000000000004	-0.008
448	-0.003208	0.41600000000000004	-0.008
449	-0.0032040000000000003	0.40800000000000003	-0.008
450	-0.0032	0.40800000000000003	-0.008
451	-0.003196	0.40800000000000003	-0.008
452	-0.0031920000000000004	0.40800000000000003	-0.008
453	-0.003188	0.40800000000000003	-0.008
454	-0.003184	0.4	-0.008
455	-0.00318	0.4	-0.008
456	-0.003176	0.4	-0.008
457	-0.0031720000000000003	0.4	-0.008
458	-0.0031680000000000002	0.4	-0.008
459	-0.003164	0.4	-0.008
460	-0.0031600000000000005	0.392	-0.008
461	-0.003156	0.392	-0.008
462	-0.0031520000000000003	0.392	-0.008
463	-0.003148	0.392	-0.008
464	-0.003144	0.392	-0.008
465	-0.0031400000000000004	0.384	-0.016
466	-0.003136	0.384	-0.008
467	-0.0031320000000000002	0.384	-0.008
468	-0.003128	0.384	-0.016
469	-0.003124	0.384	-0.008
470	-0.0031200000000000004	0.384	-0.008
471	-0.0031160000000000003	0.376	-0.016
472	-0.003112	0.376	-0.016
473	-0.003108	0.376	-0.016
474	-0.003104	0.376	-0.016
475	-0.0031000000000000003	0.368	-0.008
476	-0.0030960000000000002	0.368	-0.016
477	-0.003092	0.368	-0.008
478	-0.0030880000000000005	0.368	-0.016
479	-0.003084	0.368	-0.016
480	-0.0030800000000000003	0.36	-0.016
481	-0.003076	0.36	-0.016
482	-0.003072	0.36	-0.016
483	-0.0030680000000000004	0.36	-0.016
484	-0.003064	0.352	-0.016
485	-0.0030600000000000002	0.352	-0.016
486	-0.003056	0.352	-0.016
487	-0.003052	0.352	-0.016
488	-0.0030480000000000004	0.352	-0.016
489	-0.0030440000000000003	0.34400000000000003	-0.016
490	-0.00304	0.34400000000000003	-0.016
491	-0.003036	0.336	-0.016
492	-0.0030320000000000004	0.336	-0.016
493	-0.0030280000000000003	0.336	-0.016
494	-0.003024	0.336	-0.016
495	-0.00302	0.336	-0.016
496	-0.003016	0.328	-0.016
497	-0.0030120000000000004	0.328	-0.016
498	-0.0030080000000000003	0.328	-0.016
499	-0.003004	0.328	-0.016
500	-0.003	0.328	-0.016
501	-0.0029960000000000004	0.32	-0.016
502	-0.0029920000000000003	0.32	-0.016
503	-0.002988	0.32	-0.016
504	-0.002984	0.32	-0.016
505	-0.00298	0.32	-0.016
506	-0.0029760000000000003	0.312	-0.016
507	-0.0029720000000000002	0.312	-0.016
508	-0.002968	0.312	-0.016
509	-0.002964	0.304	-0.016
510	-0.0029600000000000004	0.304	-0.016
511	-0.0029560000000000003	0.304	-0.016
512	-0.002952	0.304	-0.016
513	-0.002948	0.296	-0.016
514	-0.002944	0.296	-0.016
515	-0.0029400000000000003	0.296	-0.016
516	-0.0029360000000000002	0.296	-0.016
517	-0.002932	0.28800000000000003	-0.016
518	-0.002928	0.28800000000000003	-0.016
519	-0.0029240000000000004	0.28800000000000003	-0.016
520	-0.0029200000000000003	0.28800000000000003	-0.016
521	-0.002916	0.28	-0.016
522	-0.002912	0.28	-0.016
523	-0.002908	0.28	-0.016
524	-0.0029040000000000003	0.272	-0.016
525	-0.0029000000000000002	0.272	-0.016
526	-0.002896	0.272	-0.016
527	-0.002892	0.272	-0.016
528	-0.0028880000000000004	0.264	-0.016
529	-0.0028840000000000003	0.264	-0.016
530	-0.00288	0.264	-0.016
531	-0.002876	0.256	-0.016
532	-0.002872	0.256	-0.016
533	-0.0028680000000000003	0.256	-0.016
534	-0.0028640000000000002	0.256	-0.016
535	-0.00286	0.248	-0.016
536	-0.002856	0.248	-0.016
537	-0.0028520000000000004	0.248	-0.016
538	-0.0028480000000000003	0.24	-0.016
539	-0.002844	0.24	-0.016
540	-0.00284	0.24	-0.016
541	-0.0028360000000000004	0.24	-0.016
542	-0.0028320000000000003	0.232	-0.016
543	-0.0028280000000000002	0.232	-0.016
544	-0.002824	0.232	-0.016
545	-0.00282	0.232	-0.016
546	-0.0028160000000000004	0.224	-0.016
547	-0.0028120000000000003	0.224	-0.016
548	-0.002808	0.224	-0.016
549	-0.002804	0.216	-0.016
550	-0.0028000000000000004	0.216	-0.016
551	-0.0027960000000000003	0.216	-0.016
552	-0.002792	0.216	-0.016
553	-0.002788	0.20800000000000002	-0.016
554	-0.002784	0.20800000000000002	-0.016
555	-0.0027800000000000004	0.2	-0.016
556	-0.0027760000000000003	0.2	-0.016
557	-0.002772	0.2	-0.016
558	-0.002768	0.2	-0.016
559	-0.0027640000000000004	0.192	-0.016
560	-0.0027600000000000003	0.192	-0.016
561	-0.002756	0.192	-0.016
562	-0.002752	0.184	-0.016
563	-0.002748	0.184	-0.016
564	-0.0027440000000000003	0.184	-0.016
565	-0.0027400000000000002	0.184	-0.016
566	-0.002736	0.184	-0.016
567	-0.002732	0.176	-0.016
568	-0.0027280000000000004	0.176	-0.016
569	-0.0027240000000000003	0.176	-0.016
570	-0.00272	0.168	-0.016
571	-0.002716	0.168	-0.016
572	-0.002712	0.168	-0.016
573	-0.0027080000000000003	0.168	-0.016
574	-0.0027040000000000002	0.16	-0.016
575	-0.0027	0.16	-0.016
576	-0.002696	0.152	-0.016
577	-0.0026920000000000004	0.152	-0.016
578	-0.0026880000000000003	0.152	-0.016
579	-0.002684	0.152	-0.016
580	-0.00268	0.152	-0.016
581	-0.002676	0.14400000000000002	-0.016
582	-0.0026720000000000003	0.14400000000000002	-0.016
583	-0.0026680000000000002	0.136	-0.016
584	-0.002664	0.136	-0.016
585	-0.00266	0.136	-0.016
586	-0.0026560000000000004	0.128	-0.016
587	-0.0026520000000000003	0.128	-0.016
588	-0.002648	0.128	-0.016
589	-0.002644	0.12	-0.016
590	-0.0026400000000000004	0.12	-0.016
591	-0.0026360000000000003	0.12	-0.016
592	-0.0026320000000000002	0.12	-0.016
593	-0.002628	0.112	-0.016
594	-0.002624	0.112	-0.016
595	-0.0026200000000000004	0.112	-0.016
596	-0.0026160000000000003	0.10400000000000001	-0.016
597	-0.002612	0.10400000000000001	-0.016
598	-0.002608	0.10400000000000001	-0.016
599	-0.0026040000000000004	0.10400000000000001	-0.016
600	-0.0026000000000000003	0.096	-0.016
601	-0.0025960000000000002	0.096	-0.016
602	-0.002592	0.088	-0.016
603	-0.002588	0.088	-0.016
604	-0.0025840000000000004	0.088	-0.016
605	-0.0025800000000000003	0.088	-0.016
606	-0.002576	0.08	-0.016
607	-0.002572	0.08	-0.016
608	-0.0025680000000000004	0.07200000000000001	-0.016
609	-0.0025640000000000003	0.07200000000000001	-0.016
610	-0.00256	0.07200000000000001	-0.016
611	-0.002556	0.07200000000000001	-0.016
612	-0.002552	0.064	-0.016
613	-0.0025480000000000004	0.064	-0.016
614	-0.0025440000000000003	0.056	-0.016
615	-0.00254	0.056	-0.016
616	-0.002536	0.056	-0.016
617	-0.0025320000000000004	0.056	-0.016
618	-0.0025280000000000003	0.056	-0.016
619	-0.002524	0.048	-0.016
620	-0.00252	0.048	-0.016
621	-0.002516	0.048	-0.016
622	-0.0025120000000000003	0.04	-0.016
623	-0.0025080000000000002	0.04	-0.016
624	-0.002504	0.04	-0.016
625	-0.0025	0.032	-0.016
626	-0.0024960000000000004	0.032	-0.016
627	-0.0024920000000000003	0.032	-0.016
628	-0.002488	0.024	-0.016
629	-0.002484	0.024	-0.016
630	-0.0024800000000000004	0.024	-0.016
631	-0.0024760000000000003	0.016	-0.016
632	-0.0024720000000000002	0.016	-0.016
633	-0.002468	0.016	-0.016
634	-0.002464	0.008	-0.016
635	-0.0024600000000000004	0.008	-0.016
636	-0.0024560000000000003	0.008	-0.016
637	-0.002452	0.0	-0.016
638	-0.002448	0.0	-0.016
639	-0.0024440000000000004	0.0	-0.016
640	-0.0024400000000000003	-0.008	-0.016
641	-0.0024360000000000002	-0.008	-0.016
642	-0.002432	-0.008	-0.016
643	-0.002428	-0.008	-0.016
644	-0.0024240000000000004	-0.016	-0.016
645	-0.0024200000000000003	-0.016	-0.016
646	-0.002416	-0.016	-0.016
647	-0.002412	-0.024	-0.016
648	-0.0024080000000000004	-0.024	-0.016
649	-0.0024040000000000003	-0.024	-0.016
650	-0.0024000000000000002	-0.032	-0.016
651	-0.002396	-0.032	-0.016
652	-0.002392	-0.032	-0.016
653	-0.0023880000000000004	-0.04	-0.016
654	-0.0023840000000000003	-0.04	-0.016
655	-0.00238	-0.04	-0.016
656	-0.002376	-0.048	-0.016
657	-0.0023720000000000004	-0.048	-0.016
658	-0.0023680000000000003	-0.048	-0.016
659	-0.002364	-0.048	-0.016
660	-0.00236	-0.056	-0.016
661	-0.002356	-0.056	-0.016
662	-0.0023520000000000004	-0.064	-0.016
663	-0.0023480000000000003	-0.064	-0.016
664	-0.002344	-0.064	-0.016
665	-0.00234	-0.064	-0.016
666	-0.0023360000000000004	-0.07200000000000001	-0.016
667	-0.0023320000000000003	-0.07200000000000001	-0.016
668	-0.002328	-0.07200000000000001	-0.016
669	-0.002324	-0.07200000000000001	-0.016
670	-0.00232	-0.08	-0.016
671	-0.0023160000000000004	-0.08	-0.016
672	-0.0023120000000000003	-0.08	-0.016
673	-0.002308	-0.088	-0.016
674	-0.002304	-0.088	-0.016
675	-0.0023000000000000004	-0.096	-0.016
676	-0.0022960000000000003	-0.096	-0.016
677	-0.002292	-0.096	-0.016
678	-0.002288	-0.096	-0.016
679	-0.0022840000000000004	-0.10400000000000001	-0.016
680	-0.0022800000000000003	-0.10400000000000001	-0.016
681	-0.0022760000000000002	-0.10400000000000001	-0.016
682	-0.002272	-0.112	-0.016
683	-0.002268	-0.112	-0.016
684	-0.0022640000000000004	-0.112	-0.016
685	-0.0022600000000000003	-0.112	-0.016
686	-0.002256	-0.12	-0.016
687	-0.002252	-0.12	-0.016
688	-0.0022480000000000004	-0.128	-0.016
689	-0.0022440000000000003	-0.128	-0.016
690	-0.0022400000000000002	-0.128	-0.016
691	-0.002236	-0.128	-0.016
692	-0.002232	-0.136	-0.016
693	-0.0022280000000000004	-0.136	-0.016
694	-0.0022240000000000003	-0.14400000000000002	-0.016
695	-0.00222	-0.14400000000000002	-0.016
696	-0.002216	-0.14400000000000002	-0.016
697	-0.0022120000000000004	-0.14400000000000002	-0.016
698	-0.0022080000000000003	-0.14400000000000002	-0.016
699	-0.0022040000000000002	-0.152	-0.016
700	-0.0022	-0.152	-0.016
701	-0.002196	-0.152	-0.016
702	-0.0021920000000000004	-0.16	-0.016
703	-0.0021880000000000003	-0.16	-0.016
704	-0.002184	-0.16	-0.016
705	-0.00218	-0.168	-0.016
706	-0.0021760000000000004	-0.168	-0.016
707	-0.0021720000000000003	-0.168	-0.016
708	-0.0021680000000000002	-0.176	-0.016
709	-0.002164	-0.176	-0.016
710	-0.00216	-0.176	-0.016
711	-0.0021560000000000004	-0.176	-0.016
712	-0.0021520000000000003	-0.184	-0.016
713	-0.002148	-0.184	-0.016
714	-0.002144	-0.184	-0.016
715	-0.0021400000000000004	-0.192	-0.016
716	-0.0021360000000000003	-0.192	-0.016
717	-0.002132	-0.192	-0.016
718	-0.002128	-0.192	-0.016
719	-0.002124	-0.2	-0.016
720	-0.0021200000000000004	-0.2	-0.016
721	-0.0021160000000000003	-0.20800000000000002	-0.016
722	-0.002112	-0.20800000000000002	-0.016
723	-0.002108	-0.20800000000000002	-0.016
724	-0.0021040000000000004	-0.20800000000000002	-0.016
725	-0.0021000000000000003	-0.20800000000000002	-0.016
726	-0.002096	-0.216	-0.016
727	-0.002092	-0.216	-0.016
728	-0.0020880000000000004	-0.216	-0.016
729	-0.0020840000000000003	-0.224	-0.016
730	-0.0020800000000000003	-0.224	-0.016
731	-0.002076	-0.224	-0.016
732	-0.002072	-0.224	-0.016
733	-0.0020680000000000004	-0.232	-0.016
734	-0.0020640000000000003	-0.232	-0.016
735	-0.00206	-0.232	-0.016
736	-0.002056	-0.24	-0.016
737	-0.0020520000000000004	-0.24	-0.016
738	-0.0020480000000000003	-0.24	-0.016
739	-0.0020440000000000002	-0.24	-0.016
740	-0.00204	-0.248	-0.016
741	-0.002036	-0.248	-0.016
742	-0.0020320000000000004	-0.248	-0.016
743	-0.0020280000000000003	-0.256	-0.016
744	-0.002024	-0.256	-0.016
745	-0.00202	-0.256	-0.016
746	-0.0020160000000000004	-0.256	-0.016
747	-0.0020120000000000003	-0.264	-0.016
748	-0.0020080000000000002	-0.264	-0.016
749	-0.002004	-0.264	-0.016
750	-0.002	-0.272	-0.016
751	-0.0019960000000000004	-0.272	-0.016
752	-0.0019920000000000003	-0.272	-0.016
753	-0.001988	-0.272	-0.016
754	-0.001984	-0.272	-0.016
755	-0.0019800000000000004	-0.28	-0.016
756	-0.0019760000000000003	-0.28	-0.016
757	-0.0019720000000000002	-0.28	-0.016
758	-0.001968	-0.28800000000000003	-0.016
759	-0.001964	-0.28800000000000003	-0.016
760	-0.0019600000000000004	-0.28800000000000003	-0.016
761	-0.0019560000000000003	-0.28800000000000003	-0.016
762	-0.0019520000000000002	-0.296	-0.016
763	-0.001948	-0.296	-0.016
764	-0.0019440000000000004	-0.296	-0.016
765	-0.0019400000000000003	-0.296	-0.016
766	-0.0019360000000000002	-0.304	-0.016
767	-0.0019320000000000001	-0.304	-0.016
768	-0.001928	-0.304	-0.016
769	-0.0019240000000000004	-0.312	-0.016
770	-0.0019200000000000003	-0.312	-0.016
771	-0.0019160000000000002	-0.312	-0.016
772	-0.001912	-0.312	-0.016
773	-0.0019080000000000004	-0.312	-0.016
774	-0.0019040000000000003	-0.32	-0.016
775	-0.0019000000000000002	-0.32	-0.016
776	-0.0018960000000000001	-0.32	-0.016
777	-0.0018920000000000005	-0.328	-0.016
778	-0.0018880000000000004	-0.328	-0.016
779	-0.0018840000000000003	-0.328	-0.016
780	-0.0018800000000000002	-0.328	-0.016
781	-0.001876	-0.328	-0.016
782	-0.0018720000000000004	-0.336	-0.016
783	-0.0018680000000000003	-0.336	-0.016
784	-0.0018640000000000002	-0.336	-0.016
785	-0.00186	-0.34400000000000003	-0.016
786	-0.0018560000000000004	-0.34400000000000003	-0.016
787	-0.0018520000000000003	-0.34400000000000003	-0.016
788	-0.0018480000000000003	-0.34400000000000003	-0.016
789	-0.0018440000000000002	-0.34400000000000003	-0.016
790	-0.00184	-0.34400000000000003	-0.016
791	-0.0018360000000000004	-0.34400000000000003	-0.016
792	-0.0018320000000000003	-0.352	-0.016
793	-0.0018280000000000002	-0.352	-0.016
794	-0.001824	-0.352	-0.016
795	-0.0018200000000000004	-0.36	-0.016
796	-0.0018160000000000003	-0.36	-0.016
797	-0.0018120000000000002	-0.36	-0.016
798	-0.0018080000000000001	-0.36	-0.016
799	-0.001804	-0.36	-0.016
800	-0.0018000000000000004	-0.368	-0.016
801	-0.0017960000000000003	-0.368	-0.016
802	-0.0017920000000000002	-0.368	-0.016
803	-0.001788	-0.368	-0.016
804	-0.0017840000000000004	-0.376	-0.016
805	-0.0017800000000000003	-0.376	-0.016
806	-0.0017760000000000002	-0.376	-0.016
807	-0.0017720000000000001	-0.376	-0.016
808	-0.001768	-0.376	-0.016
809	-0.0017640000000000004	-0.376	-0.016
810	-0.0017600000000000003	-0.384	-0.016
811	-0.0017560000000000002	-0.384	-0.016
812	-0.001752	-0.384	-0.016
813	-0.0017480000000000004	-0.384	-0.016
814	-0.0017440000000000003	-0.392	-0.016
815	-0.0017400000000000002	-0.392	-0.016
816	-0.0017360000000000001	-0.392	-0.016
817	-0.0017320000000000005	-0.392	-0.016
818	-0.0017280000000000004	-0.392	-0.016
819	-0.0017240000000000003	-0.4	-0.016
820	-0.0017200000000000002	-0.4	-0.016
821	-0.001716	-0.4	-0.016
822	-0.0017120000000000004	-0.4	-0.008
823	-0.0017080000000000003	-0.4	-0.016
824	-0.0017040000000000002	-0.40800000000000003	-0.016
825	-0.0017000000000000001	-0.40800000000000003	-0.016
826	-0.0016960000000000005	-0.40800000000000003	-0.008
827	-0.0016920000000000004	-0.40800000000000003	-0.016
828	-0.0016880000000000003	-0.40800000000000003	-0.008
829	-0.0016840000000000002	-0.40800000000000003	-0.008
830	-0.00168	-0.41600000000000004	-0.016
831	-0.0016760000000000004	-0.41600000000000004	-0.008
832	-0.0016720000000000003	-0.41600000000000004	-0.008
833	-0.0016680000000000002	-0.41600000000000004	-0.008
834	-0.0016640000000000001	-0.41600000000000004	-0.008
835	-0.0016600000000000005	-0.41600000000000004	-0.008
836	-0.0016560000000000004	-0.424	-0.008
837	-0.0016520000000000003	-0.424	-0.008
838	-0.0016480000000000002	-0.424	-0.008
839	-0.001644	-0.424	-0.008
840	-0.0016400000000000004	-0.424	-0.008
841	-0.0016360000000000003	-0.424	-0.008
842	-0.0016320000000000002	-0.424	-0.008
843	-0.001628	-0.432	-0.008
844	-0.0016240000000000004	-0.432	-0.008
845	-0.0016200000000000003	-0.432	-0.008
846	-0.0016160000000000002	-0.432	-0.008
847	-0.0016120000000000002	-0.432	-0.008
848	-0.001608	-0.44	-0.008
849	-0.0016040000000000004	-0.44	-0.008
850	-0.0016000000000000003	-0.44	-0.008
851	-0.0015960000000000002	-0.44	-0.008
852	-0.001592	-0.44	-0.008
853	-0.0015880000000000004	-0.44	-0.008
854	-0.0015840000000000003	-0.44	-0.008
855	-0.0015800000000000002	-0.448	-0.008
856	-0.0015760000000000001	-0.448	-0.008
857	-0.001572	-0.448	-0.008
858	-0.0015680000000000004	-0.448	-0.008
859	-0.0015640000000000003	-0.448	-0.008
860	-0.0015600000000000002	-0.448	-0.008
861	-0.001556	-0.456	-0.008
862	-0.0015520000000000004	-0.456	-0.008
863	-0.0015480000000000003	-0.456	-0.008
864	-0.0015440000000000002	-0.456	-0.008
865	-0.0015400000000000001	-0.456	-0.008
866	-0.0015360000000000005	-0.456	-0.008
867	-0.0015320000000000004	-0.456	-0.008
868	-0.0015280000000000003	-0.456	-0.008
869	-0.0015240000000000002	-0.456	-0.008
870	-0.00152	-0.464	-0.008
871	-0.0015160000000000004	-0.464	-0.008
872	-0.0015120000000000003	-0.464	-0.008
873	-0.0015080000000000002	-0.464	-0.008
874	-0.0015040000000000001	-0.464	-0.008
875	-0.0015000000000000005	-0.464	-0.008
876	-0.0014960000000000004	-0.47200000000000003	-0.008
877	-0.0014920000000000003	-0.47200000000000003	-0.008
878	-0.0014880000000000002	-0.47200000000000003	-0.008
879	-0.001484	-0.47200000000000003	-0.008
880	-0.0014800000000000004	-0.47200000000000003	-0.008
881	-0.0014760000000000003	-0.47200000000000003	-0.008
882	-0.0014720000000000002	-0.47200000000000003	-0.008
883	-0.0014680000000000001	-0.47200000000000003	-0.008
884	-0.0014640000000000005	-0.47200000000000003	-0.008
885	-0.0014600000000000004	-0.47200000000000003	-0.008
886	-0.0014560000000000003	-0.47200000000000003	-0.008
887	-0.0014520000000000002	-0.48	-0.008
888	-0.001448	-0.48	-0.008
889	-0.0014440000000000004	-0.48	-0.008
890	-0.0014400000000000003	-0.48	-0.008
891	-0.0014360000000000002	-0.48	-0.008
892	-0.0014320000000000001	-0.48	-0.008
893	-0.0014280000000000004	-0.48	-0.008
894	-0.0014240000000000004	-0.48	-0.008
895	-0.0014200000000000003	-0.48	-0.008
896	-0.0014160000000000002	-0.48	-0.008
897	-0.001412	-0.48	-0.008
898	-0.0014080000000000004	-0.48	-0.008
899	-0.0014040000000000003	-0.488	-0.008
900	-0.0014000000000000002	-0.488	0.0
901	-0.001396	-0.488	-0.008
902	-0.0013920000000000004	-0.488	0.0
903	-0.0013880000000000003	-0.488	-0.008
904	-0.0013840000000000002	-0.488	-0.008
905	-0.0013800000000000002	-0.488	0.0
906	-0.001376	-0.488	0.0
907	-0.0013720000000000004	-0.488	0.0
908	-0.0013680000000000003	-0.488	0.0
909	-0.0013640000000000002	-0.488	0.0
910	-0.00136	-0.488	0.0
911	-0.0013560000000000004	-0.488	0.0
912	-0.0013520000000000003	-0.488	-0.008
913	-0.0013480000000000002	-0.488	-0.008
914	-0.0013440000000000001	-0.488	0.0
915	-0.0013400000000000005	-0.488	0.0
916	-0.0013360000000000004	-0.496	0.0
917	-0.0013320000000000003	-0.496	0.0
918	-0.0013280000000000002	-0.496	0.0
919	-0.001324	-0.496	0.0
920	-0.0013200000000000004	-0.496	0.0
921	-0.0013160000000000003	-0.496	0.0
922	-0.0013120000000000002	-0.496	0.0
923	-0.0013080000000000001	-0.496	0.0
924	-0.0013040000000000005	-0.496	0.0
925	-0.0013000000000000004	-0.496	0.0
926	-0.0012960000000000003	-0.496	0.0
927	-0.0012920000000000002	-0.496	0.0
928	-0.001288	-0.496	0.0
929	-0.0012840000000000004	-0.496	0.0
930	-0.0012800000000000003	-0.496	0.0
931	-0.0012760000000000002	-0.496	0.0
932	-0.0012720000000000001	-0.496	0.0
933	-0.0012680000000000005	-0.496	0.0
934	-0.0012640000000000004	-0.496	0.0
935	-0.0012600000000000003	-0.496	0.0
936	-0.0012560000000000002	-0.496	0.0
937	-0.001252	-0.496	0.0
938	-0.0012480000000000004	-0.504	0.0
939	-0.0012440000000000003	-0.504	0.0
940	-0.0012400000000000002	-0.504	0.0
941	-0.0012360000000000001	-0.504	0.0
942	-0.0012320000000000005	-0.504	0.0
943	-0.0012280000000000004	-0.504	0.0
944	-0.0012240000000000003	-0.504	0.0
945	-0.0012200000000000002	-0.504	0.0
946	-0.001216	-0.504	0.0
947	-0.0012120000000000004	-0.504	0.0
948	-0.0012080000000000003	-0.504	0.0
949	-0.0012040000000000002	-0.504	0.0
950	-0.0012000000000000001	-0.504	0.0
951	-0.0011960000000000004	-0.504	0.0
952	-0.0011920000000000004	-0.504	0.0
953	-0.0011880000000000003	-0.504	0.0
954	-0.0011840000000000002	-0.504	0.0
955	-0.0011800000000000005	-0.504	0.0
956	-0.0011760000000000004	-0.504	0.0
957	-0.0011720000000000003	-0.504	0.0
958	-0.0011680000000000002	-0.504	0.0
959	-0.001164	-0.504	0.0
960	-0.0011600000000000004	-0.504	0.0
961	-0.0011560000000000003	-0.504	0.0
962	-0.0011520000000000002	-0.496	0.0
963	-0.0011480000000000001	-0.496	0.0
964	-0.0011440000000000005	-0.496	0.0
965	-0.0011400000000000004	-0.504	0.0
966	-0.0011360000000000003	-0.496	0.0
967	-0.0011320000000000002	-0.496	0.0
968	-0.001128	-0.496	0.0
969	-0.0011240000000000004	-0.496	0.0
970	-0.0011200000000000003	-0.496	0.0
971	-0.0011160000000000002	-0.496	0.0
972	-0.0011120000000000001	-0.496	0.0
973	-0.0011080000000000005	-0.496	0.0
974	-0.0011040000000000004	-0.496	0.0
975	-0.0011000000000000003	-0.496	0.0
976	-0.0010960000000000002	-0.496	0.0
977	-0.001092	-0.496	0.0
978	-0.0010880000000000004	-0.496	0.0
979	-0.001084	-0.496	0.0
980	-0.0010800000000000002	-0.496	0.0
981	-0.0010760000000000006	-0.496	0.0
982	-0.001072	-0.496	0.0
983	-0.0010680000000000004	-0.496	0.0
984	-0.0010640000000000007	-0.488	0.0
985	-0.0010600000000000002	-0.488	0.0
986	-0.0010560000000000005	-0.488	0.0
987	-0.001052	-0.488	0.0
988	-0.0010480000000000003	-0.488	0.008
989	-0.0010440000000000007	-0.488	0.0
990	-0.0010400000000000001	-0.488	0.0
991	-0.0010360000000000005	-0.488	0.0
992	-0.001032	-0.488	0.0
993	-0.0010280000000000003	-0.488	0.008
994	-0.0010240000000000006	-0.488	0.008
995	-0.00102	-0.488	0.008
996	-0.0010160000000000004	-0.488	0.008
997	-0.0010119999999999999	-0.488	0.008
998	-0.0010080000000000002	-0.488	0.008
999	-0.0010040000000000006	-0.488	0.008
1000	-0.001	-0.488	0.008
1001	-0.0009960000000000004	-0.488	0.008
1002	-0.0009920000000000007	-0.48	0.008
1003	-0.0009880000000000002	-0.48	0.008
1004	-0.0009840000000000005	-0.48	0.008
1005	-0.00098	-0.48	0.008
1006	-0.0009760000000000003	-0.48	0.008
1007	-0.0009720000000000006	-0.48	0.008
1008	-0.0009680000000000001	-0.48	0.008
1009	-0.0009640000000000004	-0.48	0.008
1010	-0.0009599999999999999	-0.48	0.008
1011	-0.0009560000000000003	-0.48	0.008
1012	-0.0009520000000000006	-0.48	0.008
1013	-0.0009480000000000001	-0.48	0.008
1014	-0.0009440000000000004	-0.47200000000000003	0.008
1015	-0.0009399999999999999	-0.47200000000000003	0.008
1016	-0.0009360000000000002	-0.47200000000000003	0.008
1017	-0.0009320000000000005	-0.47200000000000003	0.008
1018	-0.000928	-0.47200000000000003	0.008
1019	-0.0009240000000000003	-0.47200000000000003	0.008
1020	-0.0009200000000000007	-0.47200000000000003	0.008
1021	-0.0009160000000000001	-0.47200000000000003	0.008
1022	-0.0009120000000000005	-0.47200000000000003	0.008
1023	-0.000908	-0.47200000000000003	0.008
1024	-0.0009040000000000003	-0.47200000000000003	0.008
1025	-0.0009000000000000006	-0.464	0.008
1026	-0.0008960000000000001	-0.464	0.008
1027	-0.0008920000000000004	-0.464	0.008
1028	-0.0008879999999999999	-0.464	0.008
1029	-0.0008840000000000002	-0.464	0.008
1030	-0.0008800000000000006	-0.464	0.008
1031	-0.000876	-0.464	0.008
1032	-0.0008720000000000004	-0.456	0.008
1033	-0.0008680000000000007	-0.456	0.008
1034	-0.0008640000000000002	-0.456	0.008
1035	-0.0008600000000000005	-0.456	0.008
1036	-0.000856	-0.456	0.008
1037	-0.0008520000000000003	-0.456	0.008
1038	-0.0008480000000000007	-0.456	0.008
1039	-0.0008440000000000001	-0.456	0.008
1040	-0.0008400000000000005	-0.456	0.008
1041	-0.0008359999999999999	-0.448	0.008
1042	-0.0008320000000000003	-0.448	0.008
1043	-0.0008280000000000006	-0.448	0.008
1044	-0.0008240000000000001	-0.448	0.008
1045	-0.0008200000000000004	-0.448	0.008
1046	-0.0008159999999999999	-0.44	0.008
1047	-0.0008120000000000002	-0.44	0.008
1048	-0.0008080000000000006	-0.44	0.008
1049	-0.000804	-0.44	0.008
1050	-0.0008000000000000004	-0.44	0.008
1051	-0.0007960000000000007	-0.44	0.008
1052	-0.0007920000000000002	-0.44	0.008
1053	-0.0007880000000000005	-0.44	0.008
1054	-0.000784	-0.432	0.008
1055	-0.0007800000000000003	-0.432	0.008
1056	-0.0007760000000000006	-0.432	0.008
1057	-0.0007720000000000001	-0.432	0.008
1058	-0.0007680000000000005	-0.432	0.008
1059	-0.0007639999999999999	-0.424	0.016
1060	-0.0007600000000000003	-0.424	0.016
1061	-0.0007560000000000006	-0.424	0.008
1062	-0.0007520000000000001	-0.424	0.016
1063	-0.0007480000000000004	-0.424	0.016
1064	-0.0007439999999999999	-0.424	0.016
1065	-0.0007400000000000002	-0.424	0.008
1066	-0.0007360000000000005	-0.41600000000000004	0.016
1067	-0.000732	-0.41600000000000004	0.016
1068	-0.0007280000000000003	-0.41600000000000004	0.016
1069	-0.0007240000000000007	-0.41600000000000004	0.016
1070	-0.0007200000000000002	-0.41600000000000004	0.016
1071	-0.0007160000000000005	-0.41600000000000004	0.016
1072	-0.000712	-0.40800000000000003	0.016
1073	-0.0007080000000000003	-0.40800000000000003	0.016
1074	-0.0007040000000000006	-0.40800000000000003	0.016
1075	-0.0007000000000000001	-0.40800000000000003	0.016
1076	-0.0006960000000000004	-0.40800000000000003	0.016
1077	-0.0006919999999999999	-0.4	0.016
1078	-0.0006880000000000002	-0.4	0.016
1079	-0.0006840000000000006	-0.4	0.016
1080	-0.00068	-0.4	0.016
1081	-0.0006760000000000004	-0.4	0.016
1082	-0.0006720000000000007	-0.392	0.016
1083	-0.0006680000000000002	-0.392	0.016
1084	-0.0006640000000000005	-0.392	0.016
1085	-0.00066	-0.392	0.016
1086	-0.0006560000000000003	-0.392	0.016
1087	-0.0006520000000000007	-0.392	0.016
1088	-0.0006480000000000001	-0.384	0.016
1089	-0.0006440000000000005	-0.384	0.016
1090	-0.0006399999999999999	-0.384	0.016
1091	-0.0006360000000000003	-0.384	0.016
1092	-0.0006320000000000006	-0.376	0.016
1093	-0.0006280000000000001	-0.376	0.016
1094	-0.0006240000000000004	-0.376	0.016
1095	-0.0006199999999999999	-0.376	0.016
1096	-0.0006160000000000002	-0.376	0.016
1097	-0.0006120000000000006	-0.368	0.016
1098	-0.000608	-0.368	0.016
1099	-0.0006040000000000004	-0.368	0.016
1100	-0.0006000000000000007	-0.368	0.016
1101	-0.0005960000000000002	-0.36	0.016
1102	-0.0005920000000000005	-0.36	0.016
1103	-0.000588	-0.36	0.016
1104	-0.0005840000000000003	-0.36	0.016
1105	-0.0005800000000000007	-0.36	0.016
1106	-0.0005760000000000001	-0.352	0.016
1107	-0.0005720000000000005	-0.352	0.016
1108	-0.0005679999999999999	-0.352	0.016
1109	-0.0005640000000000003	-0.352	0.016
1110	-0.0005600000000000006	-0.34400000000000003	0.016
1111	-0.0005560000000000001	-0.34400000000000003	0.016
1112	-0.0005520000000000004	-0.34400000000000003	0.016
1113	-0.0005479999999999999	-0.34400000000000003	0.016
1114	-0.0005440000000000002	-0.34400000000000003	0.016
1115	-0.0005400000000000005	-0.34400000000000003	0.016
1116	-0.000536	-0.336	0.016
1117	-0.0005320000000000004	-0.336	0.016
1118	-0.0005280000000000007	-0.336	0.016
1119	-0.0005240000000000002	-0.336	0.016
1120	-0.0005200000000000005	-0.328	0.016
1121	-0.000516	-0.328	0.016
1122	-0.0005120000000000003	-0.328	0.016
1123	-0.0005080000000000006	-0.328	0.016
1124	-0.0005040000000000001	-0.32	0.016
1125	-0.0005000000000000004	-0.32	0.016
1126	-0.0004959999999999999	-0.32	0.016
1127	-0.0004920000000000002	-0.32	0.016
1128	-0.0004880000000000006	-0.312	0.016
1129	-0.00048400000000000006	-0.312	0.016
1130	-0.0004800000000000004	-0.312	0.016
1131	-0.00047600000000000073	-0.312	0.016
1132	-0.0004720000000000002	-0.304	0.016
1133	-0.00046800000000000053	-0.304	0.016
1134	-0.000464	-0.304	0.016
1135	-0.00046000000000000034	-0.304	0.016
1136	-0.0004560000000000007	-0.296	0.016
1137	-0.00045200000000000014	-0.296	0.016
1138	-0.0004480000000000005	-0.296	0.016
1139	-0.00044399999999999995	-0.296	0.016
1140	-0.0004400000000000003	-0.28800000000000003	0.016
1141	-0.0004360000000000006	-0.28800000000000003	0.016
1142	-0.0004320000000000001	-0.28800000000000003	0.016
1143	-0.00042800000000000043	-0.28800000000000003	0.016
1144	-0.0004239999999999999	-0.28	0.016
1145	-0.00042000000000000023	-0.28	0.016
1146	-0.00041600000000000057	-0.28	0.016
1147	-0.00041200000000000004	-0.272	0.016
1148	-0.0004080000000000004	-0.272	0.016
1149	-0.0004040000000000007	-0.272	0.016
1150	-0.0004000000000000002	-0.272	0.016
1151	-0.0003960000000000005	-0.264	0.016
1152	-0.000392	-0.264	0.016
1153	-0.0003880000000000003	-0.264	0.016
1154	-0.00038400000000000066	-0.256	0.016
1155	-0.00038000000000000013	-0.256	0.016
1156	-0.00037600000000000047	-0.256	0.016
1157	-0.00037199999999999993	-0.256	0.016
1158	-0.00036800000000000027	-0.248	0.016
1159	-0.0003640000000000006	-0.248	0.016
1160	-0.0003600000000000001	-0.248	0.016
1161	-0.0003560000000000004	-0.248	0.016
1162	-0.0003519999999999999	-0.24	0.016
1163	-0.0003480000000000002	-0.24	0.016
1164	-0.00034400000000000056	-0.24	0.016
1165	-0.00034	-0.232	0.016
1166	-0.00033600000000000036	-0.232	0.016
1167	-0.0003320000000000007	-0.232	0.016
1168	-0.00032800000000000017	-0.232	0.016
1169	-0.0003240000000000005	-0.224	0.016
1170	-0.00031999999999999997	-0.224	0.016
1171	-0.0003160000000000003	-0.224	0.016
1172	-0.00031200000000000064	-0.216	0.016
1173	-0.0003080000000000001	-0.216	0.016
1174	-0.00030400000000000045	-0.216	0.016
1175	-0.0002999999999999999	-0.216	0.016
1176	-0.00029600000000000026	-0.20800000000000002	0.016
1177	-0.0002920000000000006	-0.20800000000000002	0.016
1178	-0.00028800000000000006	-0.20800000000000002	0.016
1179	-0.0002840000000000004	-0.20800000000000002	0.016
1180	-0.00028000000000000073	-0.2	0.016
1181	-0.0002760000000000002	-0.2	0.016
1182	-0.00027200000000000054	-0.2	0.016
1183	-0.000268	-0.192	0.016
1184	-0.00026400000000000035	-0.192	0.016
1185	-0.0002600000000000007	-0.192	0.016
1186	-0.00025600000000000015	-0.184	0.016
1187	-0.0002520000000000005	-0.184	0.016
1188	-0.00024799999999999996	-0.184	0.016
1189	-0.0002440000000000003	-0.184	0.016
1190	-0.00024000000000000063	-0.176	0.016
1191	-0.0002360000000000001	-0.176	0.016
1192	-0.00023200000000000044	-0.176	0.016
1193	-0.0002279999999999999	-0.168	0.016
1194	-0.00022400000000000024	-0.168	0.016
1195	-0.00022000000000000058	-0.168	0.016
1196	-0.00021600000000000005	-0.16	0.016
1197	-0.00021200000000000038	-0.16	0.016
1198	-0.00020800000000000072	-0.16	0.016
1199	-0.0002040000000000002	-0.16	0.016
1200	-0.00020000000000000052	-0.152	0.016
1201	-0.000196	-0.152	0.016
1202	-0.00019200000000000033	-0.152	0.016
1203	-0.00018800000000000067	-0.14400000000000002	0.016
1204	-0.00018400000000000014	-0.14400000000000002	0.016
1205	-0.00018000000000000047	-0.14400000000000002	0.016
1206	-0.00017599999999999994	-0.14400000000000002	0.016
1207	-0.00017200000000000028	-0.136	0.016
1208	-0.00016800000000000061	-0.136	0.016
1209	-0.00016400000000000008	-0.136	0.016
1210	-0.00016000000000000042	-0.128	0.016
1211	-0.00015600000000000076	-0.128	0.016
1212	-0.00015200000000000023	-0.128	0.016
1213	-0.00014800000000000056	-0.128	0.016
1214	-0.00014400000000000003	-0.12	0.016
1215	-0.00014000000000000037	-0.12	0.016
1216	-0.0001360000000000007	-0.112	0.016
1217	-0.00013200000000000017	-0.112	0.016
1218	-0.0001280000000000005	-0.112	0.016
1219	-0.00012399999999999998	-0.112	0.016
1220	-0.00012000000000000031	-0.10400000000000001	0.016
1221	-0.00011600000000000065	-0.10400000000000001	0.016
1222	-0.00011200000000000012	-0.096	0.016
1223	-0.00010800000000000046	-0.096	0.016
1224	-0.00010399999999999993	-0.096	0.016
1225	-0.00010000000000000026	-0.096	0.016
1226	-9.60000000000006e-05	-0.088	0.016
1227	-9.200000000000007e-05	-0.088	0.016
1228	-8.80000000000004e-05	-0.088	0.016
1229	-8.400000000000074e-05	-0.08	0.016
1230	-8.000000000000021e-05	-0.08	0.016
1231	-7.600000000000055e-05	-0.08	0.016
1232	-7.200000000000002e-05	-0.07200000000000001	0.016
1233	-6.800000000000035e-05	-0.07200000000000001	0.016
1234	-6.400000000000069e-05	-0.07200000000000001	0.016
1235	-6.000000000000016e-05	-0.07200000000000001	0.016
1236	-5.6000000000000494e-05	-0.064	0.016
1237	-5.199999999999996e-05	-0.064	0.016
1238	-4.80000000000003e-05	-0.064	0.016
1239	-4.4000000000000636e-05	-0.056	0.016
1240	-4.0000000000000105e-05	-0.056	0.016
1241	-3.600000000000044e-05	-0.056	0.016
1242	-3.199999999999991e-05	-0.048	0.016
1243	-2.8000000000000247e-05	-0.048	0.016
1244	-2.4000000000000583e-05	-0.048	0.016
1245	-2.0000000000000052e-05	-0.04	0.016
1246	-1.600000000000039e-05	-0.04	0.016
1247	-1.2000000000000725e-05	-0.04	0.016
1248	-8.000000000000194e-06	-0.032	0.016
1249	-4.000000000000531e-06	-0.032	0.016
1250	0.0	-0.032	0.016
1251	3.9999999999996635e-06	-0.024	0.016
1252	7.999999999999327e-06	-0.024	0.016
1253	1.1999999999999858e-05	-0.024	0.016
1254	1.599999999999952e-05	-0.024	0.016
1255	2.0000000000000052e-05	-0.016	0.016
1256	2.3999999999999716e-05	-0.016	0.016
1257	2.799999999999938e-05	-0.016	0.016
1258	3.199999999999991e-05	-0.008	0.016
1259	3.5999999999999574e-05	-0.008	0.016
1260	3.999999999999924e-05	-0.008	0.016
1261	4.399999999999977e-05	-0.008	0.016
1262	4.799999999999943e-05	0.0	0.016
1263	5.199999999999996e-05	0.0	0.016
1264	5.5999999999999626e-05	0.008	0.016
1265	5.999999999999929e-05	0.008	0.016
1266	6.399999999999982e-05	0.008	0.016
1267	6.799999999999948e-05	0.016	0.016
1268	7.200000000000002e-05	0.016	0.016
1269	7.599999999999968e-05	0.016	0.016
1270	7.999999999999934e-05	0.024	0.016
1271	8.399999999999987e-05	0.024	0.016
1272	8.799999999999954e-05	0.024	0.016
1273	9.200000000000007e-05	0.024	0.016
1274	9.599999999999973e-05	0.032	0.016
1275	9.99999999999994e-05	0.032	0.016
1276	0.00010399999999999993	0.032	0.016
1277	0.00010799999999999959	0.04	0.016
1278	0.00011199999999999925	0.04	0.016
1279	0.00011599999999999978	0.04	0.016
1280	0.00011999999999999945	0.048	0.016
1281	0.00012399999999999998	0.048	0.016
1282	0.00012799999999999964	0.048	0.016
1283	0.0001319999999999993	0.056	0.016
1284	0.00013599999999999984	0.056	0.016
1285	0.0001399999999999995	0.056	0.016
1286	0.00014400000000000003	0.056	0.016
1287	0.0001479999999999997	0.064	0.016
1288	0.00015199999999999936	0.064	0.016
1289	0.0001559999999999999	0.064	0.016
1290	0.00015999999999999955	0.07200000000000001	0.016
1291	0.00016400000000000008	0.07200000000000001	0.016
1292	0.00016799999999999975	0.07200000000000001	0.016
1293	0.0001719999999999994	0.08	0.016
1294	0.00017599999999999994	0.08	0.016
1295	0.0001799999999999996	0.08	0.016
1296	0.00018399999999999927	0.088	0.016
1297	0.0001879999999999998	0.088	0.016
1298	0.00019199999999999946	0.088	0.016
1299	0.000196	0.096	0.016
1300	0.00019999999999999966	0.096	0.016
1301	0.00020399999999999932	0.096	0.016
1302	0.00020799999999999985	0.10400000000000001	0.016
1303	0.00021199999999999952	0.10400000000000001	0.016
1304	0.00021600000000000005	0.10400000000000001	0.016
1305	0.0002199999999999997	0.10400000000000001	0.016
1306	0.00022399999999999937	0.112	0.016
1307	0.0002279999999999999	0.112	0.016
1308	0.00023199999999999957	0.12	0.016
1309	0.00023599999999999923	0.12	0.016
1310	0.00023999999999999976	0.12	0.016
1311	0.00024399999999999943	0.12	0.016
1312	0.00024799999999999996	0.12	0.016
1313	0.0002519999999999996	0.128	0.016
1314	0.0002559999999999993	0.128	0.016
1315	0.0002599999999999998	0.136	0.016
1316	0.0002639999999999995	0.136	0.016
1317	0.000268	0.136	0.016
1318	0.00027199999999999967	0.136	0.016
1319	0.00027599999999999934	0.14400000000000002	0.016
1320	0.00027999999999999987	0.14400000000000002	0.016
1321	0.00028399999999999953	0.14400000000000002	0.016
1322	0.00028800000000000006	0.152	0.016
1323	0.0002919999999999997	0.152	0.016
1324	0.0002959999999999994	0.152	0.016
1325	0.0002999999999999999	0.152	0.016
1326	0.0003039999999999996	0.16	0.016
1327	0.00030799999999999925	0.16	0.016
1328	0.0003119999999999998	0.168	0.016
1329	0.00031599999999999944	0.168	0.016
1330	0.00031999999999999997	0.168	0.016
1331	0.00032399999999999964	0.168	0.016
1332	0.0003279999999999993	0.176	0.016
1333	0.00033199999999999983	0.176	0.016
1334	0.0003359999999999995	0.184	0.016
1335	0.00034	0.184	0.016
1336	0.0003439999999999997	0.184	0.016
1337	0.00034799999999999935	0.184	0.016
1338	0.0003519999999999999	0.184	0.016
1339	0.00035599999999999955	0.184	0.016
1340	0.0003600000000000001	0.192	0.016
1341	0.00036399999999999974	0.192	0.016
1342	0.0003679999999999994	0.192	0.016
1343	0.00037199999999999993	0.2	0.016
1344	0.0003759999999999996	0.2	0.016
1345	0.00037999999999999926	0.2	0.016
1346	0.0003839999999999998	0.20800000000000002	0.016
1347	0.00038799999999999946	0.20800000000000002	0.016
1348	0.000392	0.20800000000000002	0.016
1349	0.00039599999999999965	0.216	0.016
1350	0.0003999999999999993	0.216	0.016
1351	0.00040399999999999985	0.216	0.016
1352	0.0004079999999999995	0.216	0.016
1353	0.00041200000000000004	0.224	0.016
1354	0.0004159999999999997	0.224	0.016
1355	0.00041999999999999937	0.224	0.016
1356	0.0004239999999999999	0.232	0.016
1357	0.00042799999999999956	0.232	0.016
1358	0.0004319999999999992	0.232	0.016
1359	0.00043599999999999976	0.232	0.016
1360	0.0004399999999999994	0.24	0.016
1361	0.00044399999999999995	0.24	0.016
1362	0.0004479999999999996	0.24	0.016
1363	0.0004519999999999993	0.24	0.016
1364	0.0004559999999999998	0.248	0.016
1365	0.00045999999999999947	0.248	0.016
1366	0.000464	0.256	0.016
1367	0.00046799999999999967	0.256	0.016
1368	0.00047199999999999933	0.256	0.016
1369	0.00047599999999999986	0.256	0.016
1370	0.0004799999999999995	0.256	0.016
1371	0.00048400000000000006	0.264	0.016
1372	0.0004879999999999997	0.264	0.016
1373	0.0004919999999999994	0.264	0.016
1374	0.0004959999999999999	0.272	0.016
1375	0.0004999999999999996	0.272	0.016
1376	0.0005039999999999992	0.272	0.016
1377	0.0005079999999999998	0.272	0.016
1378	0.0005119999999999994	0.28	0.016
1379	0.000516	0.28	0.016
1380	0.0005199999999999996	0.28	0.016
1381	0.0005239999999999993	0.28800000000000003	0.016
1382	0.0005279999999999998	0.28800000000000003	0.016
1383	0.0005319999999999995	0.28800000000000003	0.016
1384	0.000536	0.28800000000000003	0.016
1385	0.0005399999999999997	0.296	0.016
1386	0.0005439999999999993	0.296	0.016
1387	0.0005479999999999999	0.296	0.016
1388	0.0005519999999999995	0.304	0.016
1389	0.0005560000000000001	0.304	0.016
1390	0.0005599999999999997	0.304	0.016
1391	0.0005639999999999994	0.304	0.016
1392	0.0005679999999999999	0.304	0.016
1393	0.0005719999999999996	0.312	0.016
1394	0.0005759999999999993	0.312	0.016
1395	0.0005799999999999998	0.312	0.016
1396	0.0005839999999999995	0.32	0.016
1397	0.000588	0.32	0.016
1398	0.0005919999999999996	0.32	0.016
1399	0.0005959999999999993	0.32	0.016
1400	0.0005999999999999998	0.328	0.016
1401	0.0006039999999999995	0.328	0.016
1402	0.000608	0.328	0.016
1403	0.0006119999999999997	0.328	0.016
1404	0.0006159999999999994	0.328	0.016
1405	0.0006199999999999999	0.336	0.016
1406	0.0006239999999999996	0.336	0.016
1407	0.0006279999999999992	0.336	0.016
1408	0.0006319999999999997	0.336	0.016
1409	0.0006359999999999994	0.336	0.016
1410	0.0006399999999999999	0.34400000000000003	0.016
1411	0.0006439999999999996	0.34400000000000003	0.016
1412	0.0006479999999999993	0.34400000000000003	0.016
1413	0.0006519999999999998	0.352	0.016
1414	0.0006559999999999995	0.352	0.016
1415	0.00066	0.352	0.016
1416	0.0006639999999999997	0.352	0.016
1417	0.0006679999999999993	0.352	0.016
1418	0.0006719999999999999	0.36	0.016
1419	0.0006759999999999995	0.36	0.016
1420	0.00068	0.36	0.016
1421	0.0006839999999999997	0.36	0.016
1422	0.0006879999999999994	0.368	0.016
1423	0.0006919999999999999	0.368	0.016
1424	0.0006959999999999996	0.368	0.016
1425	0.0006999999999999992	0.368	0.016
1426	0.0007039999999999998	0.368	0.016
1427	0.0007079999999999994	0.376	0.016
1428	0.000712	0.376	0.016
1429	0.0007159999999999996	0.376	0.016
1430	0.0007199999999999993	0.376	0.016
1431	0.0007239999999999998	0.384	0.016
1432	0.0007279999999999995	0.384	0.016
1433	0.000732	0.384	0.016
1434	0.0007359999999999997	0.384	0.016
1435	0.0007399999999999993	0.384	0.016
1436	0.0007439999999999999	0.392	0.016
1437	0.0007479999999999995	0.392	0.016
1438	0.0007520000000000001	0.392	0.016
1439	0.0007559999999999997	0.392	0.016
1440	0.0007599999999999994	0.392	0.016
1441	0.0007639999999999999	0.392	0.016
1442	0.0007679999999999996	0.4	0.016
1443	0.0007719999999999992	0.4	0.016
1444	0.0007759999999999998	0.4	0.016
1445	0.0007799999999999994	0.4	0.016
1446	0.000784	0.4	0.016
1447	0.0007879999999999996	0.4	0.016
1448	0.0007919999999999993	0.40800000000000003	0.016
1449	0.0007959999999999998	0.40800000000000003	0.016
1450	0.0007999999999999995	0.40800000000000003	0.016
1451	0.000804	0.40800000000000003	0.016
1452	0.0008079999999999997	0.41600000000000004	0.016
1453	0.0008119999999999994	0.41600000000000004	0.016
1454	0.0008159999999999999	0.41600000000000004	0.016
1455	0.0008199999999999995	0.41600000000000004	0.016
1456	0.0008239999999999992	0.41600000000000004	0.016
1457	0.0008279999999999997	0.41600000000000004	0.016
1458	0.0008319999999999994	0.424	0.016
1459	0.0008359999999999999	0.424	0.016
1460	0.0008399999999999996	0.424	0.016
1461	0.0008439999999999993	0.424	0.016
1462	0.0008479999999999998	0.424	0.016
1463	0.0008519999999999995	0.432	0.016
1464	0.000856	0.432	0.016
1465	0.0008599999999999997	0.432	0.016
1466	0.0008639999999999993	0.432	0.016
1467	0.0008679999999999998	0.432	0.016
1468	0.0008719999999999995	0.432	0.016
1469	0.000876	0.432	0.016
1470	0.0008799999999999997	0.44	0.016
1471	0.0008839999999999994	0.44	0.016
1472	0.0008879999999999999	0.44	0.016
1473	0.0008919999999999996	0.44	0.016
1474	0.0008959999999999992	0.44	0.016
1475	0.0008999999999999998	0.448	0.016
1476	0.0009039999999999994	0.448	0.008
1477	0.000908	0.448	0.016
1478	0.0009119999999999996	0.448	0.008
1479	0.0009159999999999993	0.448	0.008
1480	0.0009199999999999998	0.448	0.008
1481	0.0009239999999999995	0.448	0.016
1482	0.000928	0.456	0.008
1483	0.0009319999999999997	0.456	0.016
1484	0.0009359999999999993	0.456	0.008
1485	0.0009399999999999999	0.456	0.008
1486	0.0009439999999999995	0.456	0.008
1487	0.0009480000000000001	0.456	0.008
1488	0.0009519999999999997	0.464	0.008
1489	0.0009559999999999994	0.464	0.008
1490	0.0009599999999999999	0.464	0.008
1491	0.0009639999999999996	0.464	0.008
1492	0.0009679999999999992	0.464	0.008
1493	0.0009719999999999998	0.464	0.008
1494	0.0009759999999999994	0.464	0.008
1495	0.00098	0.464	0.008
1496	0.0009839999999999996	0.464	0.008
1497	0.0009879999999999993	0.464	0.008
1498	0.0009919999999999998	0.464	0.008
1499	0.0009959999999999995	0.47200000000000003	0.008
1500	0.001	0.47200000000000003	0.008
1501	0.0010039999999999997	0.47200000000000003	0.008
1502	0.0010079999999999993	0.47200000000000003	0.008
1503	0.0010119999999999999	0.47200000000000003	0.008
1504	0.0010159999999999995	0.47200000000000003	0.008
1505	0.0010199999999999992	0.47200000000000003	0.008
1506	0.0010239999999999997	0.48	0.008
1507	0.0010279999999999994	0.48	0.008
1508	0.001032	0.48	0.008
1509	0.0010359999999999996	0.48	0.008
1510	0.0010399999999999993	0.48	0.008
1511	0.0010439999999999998	0.48	0.008
1512	0.0010479999999999995	0.48	0.008
1513	0.001052	0.48	0.008
1514	0.0010559999999999996	0.48	0.008
1515	0.0010599999999999993	0.48	0.008
1516	0.0010639999999999998	0.48	0.008
1517	0.0010679999999999995	0.48	0.008
1518	0.001072	0.488	0.008
1519	0.0010759999999999997	0.488	0.008
1520	0.0010799999999999994	0.488	0.008
1521	0.001084	0.488	0.008
1522	0.0010879999999999996	0.488	0.008
1523	0.0010919999999999992	0.488	0.008
1524	0.0010959999999999998	0.488	0.008
1525	0.0010999999999999994	0.488	0.008
1526	0.001104	0.488	0.008
1527	0.0011079999999999996	0.488	0.008
1528	0.0011119999999999993	0.488	0.008
1529	0.0011159999999999998	0.496	0.008
1530	0.0011199999999999995	0.496	0.008
1531	0.001124	0.496	0.008
1532	0.0011279999999999997	0.496	0.008
1533	0.0011319999999999993	0.496	0.008
1534	0.0011359999999999999	0.496	0.008
1535	0.0011399999999999995	0.496	0.008
1536	0.001144	0.496	0.008
1537	0.0011479999999999997	0.496	0.008
1538	0.0011519999999999994	0.496	0.008
1539	0.001156	0.496	0.008
1540	0.0011599999999999996	0.496	0.008
1541	0.0011639999999999992	0.496	0.008
1542	0.0011679999999999998	0.496	0.008
1543	0.0011719999999999994	0.496	0.008
1544	0.001176	0.496	0.008
1545	0.0011799999999999996	0.496	0.008
1546	0.0011839999999999993	0.496	0.008
1547	0.0011879999999999998	0.496	0.008
1548	0.0011919999999999995	0.504	0.008
1549	0.001196	0.504	0.008
1550	0.0011999999999999997	0.504	0.008
1551	0.0012039999999999993	0.504	0.008
1552	0.0012079999999999999	0.504	0.008
1553	0.0012119999999999995	0.504	0.008
1554	0.0012159999999999992	0.504	0.0
1555	0.0012199999999999997	0.504	0.008
1556	0.0012239999999999994	0.504	0.0
1557	0.001228	0.504	0.0
1558	0.0012319999999999996	0.504	0.0
1559	0.0012359999999999993	0.504	0.0
1560	0.0012399999999999998	0.504	0.0
1561	0.0012439999999999994	0.504	0.0
1562	0.001248	0.504	0.0
1563	0.0012519999999999996	0.504	0.0
1564	0.0012559999999999993	0.504	0.0
1565	0.0012599999999999998	0.504	0.0
1566	0.0012639999999999995	0.504	0.0
1567	0.001268	0.504	0.0
1568	0.0012719999999999997	0.504	0.0
1569	0.0012759999999999994	0.504	0.0
1570	0.0012799999999999999	0.504	0.0
1571	0.0012839999999999996	0.504	0.0
1572	0.0012879999999999992	0.504	0.0
1573	0.0012919999999999997	0.504	0.0
1574	0.0012959999999999994	0.504	0.0
1575	0.0013	0.504	0.0
1576	0.0013039999999999996	0.504	0.0
1577	0.0013079999999999993	0.504	0.0
1578	0.0013119999999999998	0.504	0.0
1579	0.0013159999999999995	0.504	0.0
1580	0.00132	0.504	0.0
1581	0.0013239999999999997	0.504	0.0
1582	0.0013279999999999993	0.504	0.0
1583	0.0013319999999999999	0.504	0.0
1584	0.0013359999999999995	0.504	0.0
1585	0.0013399999999999992	0.504	0.0
1586	0.0013439999999999997	0.504	0.0
1587	0.0013479999999999994	0.504	0.0
1588	0.001352	0.504	0.0
1589	0.0013559999999999996	0.504	0.0
1590	0.0013599999999999992	0.504	0.0
1591	0.0013639999999999998	0.504	0.0
1592	0.0013679999999999994	0.504	0.0
1593	0.001372	0.504	0.0
1594	0.0013759999999999996	0.504	0.0
1595	0.0013799999999999993	0.504	0.0
1596	0.0013839999999999998	0.504	0.0
1597	0.0013879999999999995	0.504	0.0
1598	0.001392	0.504	0.0
1599	0.0013959999999999997	0.504	0.0
1600	0.0013999999999999993	0.504	0.0
1601	0.0014039999999999999	0.504	0.0
1602	0.0014079999999999995	0.504	0.0
1603	0.0014119999999999992	0.504	0.0
1604	0.0014159999999999997	0.504	0.0
1605	0.0014199999999999994	0.504	0.0
1606	0.001424	0.496	0.0
1607	0.0014279999999999996	0.496	0.0
1608	0.0014319999999999992	0.496	0.0
1609	0.0014359999999999998	0.496	0.0
1610	0.0014399999999999994	0.496	0.0
1611	0.001444	0.496	0.0
1612	0.0014479999999999996	0.496	0.0
1613	0.0014519999999999993	0.496	0.0
1614	0.0014559999999999998	0.496	0.0
1615	0.0014599999999999995	0.496	0.0
1616	0.001464	0.496	0.0
1617	0.0014679999999999997	0.496	0.0
1618	0.0014719999999999994	0.496	0.0
1619	0.0014759999999999999	0.496	0.0
1620	0.0014799999999999995	0.496	0.0
1621	0.0014839999999999992	0.496	0.0
1622	0.0014879999999999997	0.496	0.0
1623	0.0014919999999999994	0.488	0.0
1624	0.001496	0.488	0.0
1625	0.0014999999999999996	0.488	0.0
1626	0.0015039999999999993	0.488	0.0
1627	0.0015079999999999998	0.488	0.0
1628	0.0015119999999999995	0.488	0.0
1629	0.001516	0.488	0.0
1630	0.0015199999999999997	0.488	0.0
1631	0.0015239999999999993	0.488	0.0
1632	0.0015279999999999998	0.488	0.0
1633	0.0015319999999999995	0.48	0.0
1634	0.0015359999999999992	0.48	0.0
1635	0.0015399999999999997	0.48	0.0
1636	0.0015439999999999994	0.48	0.0
1637	0.001548	0.48	0.0
1638	0.0015519999999999996	0.48	0.0
1639	0.0015559999999999992	0.48	0.0
1640	0.0015599999999999998	0.48	0.0
1641	0.0015639999999999994	0.48	0.0
1642	0.001568	0.48	-0.008
1643	0.0015719999999999996	0.48	0.0
1644	0.0015759999999999993	0.48	0.0
1645	0.0015799999999999998	0.47200000000000003	0.0
1646	0.0015839999999999995	0.47200000000000003	-0.008
1647	0.001588	0.47200000000000003	-0.008
1648	0.0015919999999999997	0.47200000000000003	-0.008
1649	0.0015959999999999993	0.47200000000000003	-0.008
1650	0.0015999999999999999	0.47200000000000003	-0.008
1651	0.0016039999999999995	0.47200000000000003	-0.008
1652	0.0016079999999999992	0.464	-0.008
1653	0.0016119999999999997	0.464	-0.008
1654	0.0016159999999999994	0.464	-0.008
1655	0.00162	0.464	-0.008
1656	0.0016239999999999996	0.464	-0.008
1657	0.0016279999999999992	0.464	-0.008
1658	0.0016319999999999998	0.464	-0.008
1659	0.0016359999999999994	0.464	-0.008
1660	0.00164	0.464	-0.008
1661	0.0016439999999999996	0.464	-0.008
1662	0.0016479999999999993	0.464	-0.008
1663	0.0016519999999999998	0.456	-0.008
1664	0.0016559999999999995	0.456	-0.008
1665	0.00166	0.456	-0.008
1666	0.0016639999999999997	0.456	-0.008
1667	0.0016679999999999993	0.456	-0.008
1668	0.0016719999999999999	0.456	-0.008
1669	0.0016759999999999995	0.448	-0.008
1670	0.0016799999999999992	0.448	-0.008
1671	0.0016839999999999997	0.448	-0.008
1672	0.0016879999999999994	0.448	-0.008
1673	0.001692	0.448	-0.008
1674	0.0016959999999999996	0.448	-0.008
1675	0.0016999999999999993	0.448	-0.008
1676	0.0017039999999999998	0.448	-0.008
1677	0.0017079999999999994	0.44	-0.008
1678	0.001712	0.44	-0.008
1679	0.0017159999999999996	0.44	-0.008
1680	0.0017199999999999993	0.44	-0.008
1681	0.0017239999999999998	0.44	-0.008
1682	0.0017279999999999995	0.432	-0.008
1683	0.0017319999999999992	0.432	-0.008
1684	0.0017359999999999997	0.432	-0.008
1685	0.0017399999999999994	0.432	-0.008
1686	0.0017439999999999999	0.432	-0.008
1687	0.0017479999999999996	0.432	-0.008
1688	0.0017519999999999992	0.432	-0.008
1689	0.0017559999999999997	0.424	-0.008
1690	0.0017599999999999994	0.424	-0.008
1691	0.001764	0.424	-0.008
1692	0.0017679999999999996	0.424	-0.008
1693	0.0017719999999999993	0.424	-0.008
1694	0.0017759999999999998	0.41600000000000004	-0.008
1695	0.0017799999999999995	0.41600000000000004	-0.008
1696	0.001784	0.41600000000000004	-0.008
1697	0.0017879999999999997	0.41600000000000004	-0.008
1698	0.0017919999999999993	0.41600000000000004	-0.008
1699	0.0017959999999999999	0.41600000000000004	-0.008
1700	0.0017999999999999995	0.40800000000000003	-0.008
1701	0.0018039999999999992	0.40800000000000003	-0.008
1702	0.0018079999999999997	0.40800000000000003	-0.008
1703	0.0018119999999999994	0.40800000000000003	-0.008
1704	0.001816	0.4	-0.008
1705	0.0018199999999999996	0.4	-0.008
1706	0.0018239999999999992	0.4	-0.008
1707	0.0018279999999999998	0.4	-0.008
1708	0.0018319999999999994	0.4	-0.008
1709	0.001836	0.4	-0.008
1710	0.0018399999999999996	0.392	-0.008
1711	0.0018439999999999993	0.392	-0.008
1712	0.0018479999999999998	0.392	-0.008
1713	0.0018519999999999995	0.392	-0.008
1714	0.001856	0.392	-0.016
1715	0.0018599999999999997	0.392	-0.008
1716	0.0018639999999999993	0.384	-0.008
1717	0.0018679999999999999	0.384	-0.008
1718	0.0018719999999999995	0.384	-0.016
1719	0.0018759999999999992	0.384	-0.008
1720	0.0018799999999999997	0.384	-0.008
1721	0.0018839999999999994	0.376	-0.008
1722	0.001888	0.376	-0.016
1723	0.0018919999999999996	0.376	-0.016
1724	0.0018959999999999992	0.376	-0.008
1725	0.0018999999999999998	0.368	-0.008
1726	0.0019039999999999994	0.368	-0.016
1727	0.001908	0.368	-0.016
1728	0.0019119999999999996	0.368	-0.016
1729	0.0019159999999999993	0.36	-0.016
1730	0.0019199999999999998	0.36	-0.016
1731	0.0019239999999999995	0.36	-0.016
1732	0.0019279999999999992	0.36	-0.016
1733	0.0019319999999999997	0.36	-0.016
1734	0.0019359999999999994	0.352	-0.016
1735	0.0019399999999999999	0.352	-0.016
1736	0.0019439999999999995	0.352	-0.016
1737	0.0019479999999999992	0.352	-0.016
1738	0.0019519999999999997	0.34400000000000003	-0.016
1739	0.0019559999999999994	0.34400000000000003	-0.016
1740	0.00196	0.34400000000000003	-0.016
1741	0.0019639999999999996	0.34400000000000003	-0.016
1742	0.0019679999999999993	0.336	-0.016
1743	0.001972	0.336	-0.016
1744	0.0019759999999999995	0.336	-0.016
1745	0.00198	0.336	-0.016
1746	0.0019839999999999997	0.328	-0.016
1747	0.0019879999999999993	0.328	-0.016
1748	0.001992	0.328	-0.016
1749	0.0019959999999999995	0.328	-0.016
1750	0.001999999999999999	0.328	-0.016
1751	0.0020039999999999997	0.32	-0.016
1752	0.0020079999999999994	0.32	-0.016
1753	0.002012	0.32	-0.016
1754	0.0020159999999999996	0.32	-0.016
1755	0.0020199999999999992	0.32	-0.016
1756	0.0020239999999999998	0.312	-0.016
1757	0.0020279999999999994	0.312	-0.016
1758	0.002032	0.312	-0.016
1759	0.0020359999999999996	0.304	-0.016
1760	0.0020399999999999993	0.304	-0.016
1761	0.002044	0.304	-0.016
1762	0.0020479999999999995	0.304	-0.016
1763	0.002052	0.296	-0.016
1764	0.0020559999999999997	0.296	-0.016
1765	0.0020599999999999993	0.296	-0.016
1766	0.002064	0.296	-0.016
1767	0.0020679999999999995	0.28800000000000003	-0.016
1768	0.002071999999999999	0.28800000000000003	-0.016
1769	0.0020759999999999997	0.28800000000000003	-0.016
1770	0.0020799999999999994	0.28800000000000003	-0.016
1771	0.002084	0.28	-0.016
1772	0.0020879999999999996	0.28	-0.016
1773	0.0020919999999999992	0.28	-0.016
1774	0.0020959999999999998	0.272	-0.016
1775	0.0020999999999999994	0.272	-0.016
1776	0.002104	0.272	-0.016
1777	0.0021079999999999996	0.272	-0.016
1778	0.0021119999999999993	0.264	-0.016
1779	0.002116	0.264	-0.016
1780	0.0021199999999999995	0.264	-0.016
1781	0.002123999999999999	0.256	-0.016
1782	0.0021279999999999997	0.256	-0.016
1783	0.0021319999999999993	0.256	-0.016
1784	0.002136	0.256	-0.016
1785	0.0021399999999999995	0.248	-0.016
1786	0.002143999999999999	0.248	-0.016
1787	0.0021479999999999997	0.248	-0.016
1788	0.0021519999999999994	0.24	-0.016
1789	0.002156	0.24	-0.016
1790	0.0021599999999999996	0.24	-0.016
1791	0.0021639999999999993	0.24	-0.016
1792	0.002168	0.232	-0.016
1793	0.0021719999999999995	0.232	-0.016
1794	0.002176	0.232	-0.016
1795	0.0021799999999999996	0.232	-0.016
1796	0.0021839999999999993	0.224	-0.016
1797	0.002188	0.224	-0.016
1798	0.0021919999999999995	0.216	-0.016
1799	0.002195999999999999	0.216	-0.016
1800	0.0021999999999999997	0.216	-0.016
1801	0.0022039999999999994	0.216	-0.016
1802	0.002208	0.216	-0.016
1803	0.0022119999999999996	0.20800000000000002	-0.016
1804	0.0022159999999999992	0.20800000000000002	-0.016
1805	0.0022199999999999998	0.20800000000000002	-0.016
1806	0.0022239999999999994	0.2	-0.016
1807	0.002228	0.2	-0.016
1808	0.0022319999999999996	0.2	-0.016
1809	0.0022359999999999993	0.192	-0.016
1810	0.00224	0.192	-0.016
1811	0.0022439999999999995	0.192	-0.016
1812	0.002248	0.184	-0.016
1813	0.0022519999999999997	0.184	-0.016
1814	0.0022559999999999993	0.184	-0.016
1815	0.00226	0.184	-0.016
1816	0.0022639999999999995	0.184	-0.016
1817	0.002267999999999999	0.176	-0.016
1818	0.0022719999999999997	0.176	-0.016
1819	0.0022759999999999994	0.176	-0.016
1820	0.00228	0.168	-0.016
1821	0.0022839999999999996	0.168	-0.016
1822	0.0022879999999999992	0.168	-0.016
1823	0.0022919999999999998	0.168	-0.016
1824	0.0022959999999999994	0.16	-0.016
1825	0.0023	0.16	-0.016
1826	0.0023039999999999996	0.152	-0.016
1827	0.0023079999999999993	0.152	-0.016
1828	0.002312	0.152	-0.016
1829	0.0023159999999999995	0.152	-0.016
1830	0.002319999999999999	0.14400000000000002	-0.016
1831	0.0023239999999999997	0.14400000000000002	-0.016
1832	0.0023279999999999993	0.14400000000000002	-0.016
1833	0.002332	0.136	-0.016
1834	0.0023359999999999995	0.136	-0.016
1835	0.002339999999999999	0.136	-0.016
1836	0.0023439999999999997	0.128	-0.016
1837	0.0023479999999999994	0.128	-0.016
1838	0.002352	0.128	-0.016
1839	0.0023559999999999996	0.12	-0.016
1840	0.0023599999999999993	0.12	-0.016
1841	0.0023639999999999998	0.12	-0.016
1842	0.0023679999999999994	0.12	-0.016
1843	0.002372	0.112	-0.016
1844	0.0023759999999999996	0.112	-0.016
1845	0.0023799999999999993	0.112	-0.016
1846	0.002384	0.10400000000000001	-0.016
1847	0.0023879999999999995	0.10400000000000001	-0.016
1848	0.002391999999999999	0.10400000000000001	-0.016
1849	0.0023959999999999997	0.096	-0.016
1850	0.0023999999999999994	0.096	-0.016
1851	0.002404	0.096	-0.016
1852	0.0024079999999999996	0.088	-0.016
1853	0.002411999999999999	0.088	-0.016
1854	0.0024159999999999997	0.088	-0.016
1855	0.0024199999999999994	0.08	-0.016
1856	0.002424	0.08	-0.016
1857	0.0024279999999999996	0.08	-0.016
1858	0.0024319999999999993	0.07200000000000001	-0.016
1859	0.002436	0.07200000000000001	-0.016
1860	0.0024399999999999995	0.07200000000000001	-0.016
1861	0.002444	0.07200000000000001	-0.016
1862	0.0024479999999999997	0.064	-0.016
1863	0.0024519999999999993	0.064	-0.016
1864	0.002456	0.056	-0.016
1865	0.0024599999999999995	0.056	-0.016
1866	0.002463999999999999	0.056	-0.016
1867	0.0024679999999999997	0.056	-0.016
1868	0.0024719999999999994	0.056	-0.016
1869	0.002476	0.048	-0.016
1870	0.0024799999999999996	0.048	-0.016
1871	0.0024839999999999992	0.048	-0.016
1872	0.0024879999999999998	0.04	-0.016
1873	0.0024919999999999994	0.04	-0.016
1874	0.002496	0.04	-0.016
1875	0.0024999999999999996	0.032	-0.016
1876	0.0025039999999999993	0.032	-0.016
1877	0.002508	0.032	-0.016
1878	0.0025119999999999995	0.024	-0.016
1879	0.002515999999999999	0.024	-0.016
1880	0.0025199999999999997	0.024	-0.016
1881	0.0025239999999999993	0.016	-0.016
1882	0.002528	0.016	-0.016
1883	0.0025319999999999995	0.016	-0.016
1884	0.002535999999999999	0.008	-0.016
1885	0.0025399999999999997	0.008	-0.016
1886	0.0025439999999999994	0.008	-0.016
1887	0.002548	0.008	-0.016
1888	0.0025519999999999996	0.0	-0.016
1889	0.0025559999999999992	0.0	-0.016
1890	0.0025599999999999998	-0.008	-0.016
1891	0.0025639999999999994	-0.008	-0.016
1892	0.002568	-0.008	-0.016
1893	0.0025719999999999996	-0.008	-0.016
1894	0.0025759999999999993	-0.016	-0.016
1895	0.00258	-0.016	-0.016
1896	0.0025839999999999995	-0.016	-0.016
1897	0.002587999999999999	-0.024	-0.016
1898	0.0025919999999999997	-0.024	-0.016
1899	0.0025959999999999993	-0.024	-0.016
1900	0.0026	-0.032	-0.016
1901	0.0026039999999999995	-0.032	-0.016
1902	0.002607999999999999	-0.032	-0.016
1903	0.0026119999999999997	-0.04	-0.016
1904	0.0026159999999999994	-0.04	-0.016
1905	0.00262	-0.04	-0.016
1906	0.0026239999999999996	-0.048	-0.016
1907	0.0026279999999999993	-0.048	-0.016
1908	0.002632	-0.048	-0.016
1909	0.0026359999999999995	-0.048	-0.016
1910	0.002639999999999999	-0.056	-0.016
1911	0.0026439999999999996	-0.056	-0.016
1912	0.0026479999999999993	-0.064	-0.016
1913	0.002652	-0.064	-0.016
1914	0.0026559999999999995	-0.064	-0.016
1915	0.002659999999999999	-0.064	-0.016
1916	0.0026639999999999997	-0.07200000000000001	-0.016
1917	0.0026679999999999994	-0.07200000000000001	-0.016
1918	0.002672	-0.07200000000000001	-0.016
1919	0.0026759999999999996	-0.07200000000000001	-0.016
1920	0.0026799999999999992	-0.08	-0.016
1921	0.0026839999999999998	-0.08	-0.016
1922	0.0026879999999999994	-0.08	-0.016
1923	0.002692	-0.088	-0.016
1924	0.0026959999999999996	-0.088	-0.016
1925	0.0026999999999999993	-0.088	-0.016
1926	0.002704	-0.096	-0.016
1927	0.0027079999999999995	-0.096	-0.016
1928	0.002711999999999999	-0.096	-0.016
1929	0.0027159999999999997	-0.10400000000000001	-0.016
1930	0.0027199999999999993	-0.10400000000000001	-0.016
1931	0.002724	-0.10400000000000001	-0.016
1932	0.0027279999999999995	-0.112	-0.016
1933	0.002731999999999999	-0.112	-0.016
1934	0.0027359999999999997	-0.112	-0.016
1935	0.0027399999999999994	-0.12	-0.016
1936	0.002744	-0.12	-0.016
1937	0.0027479999999999996	-0.12	-0.016
1938	0.0027519999999999992	-0.128	-0.016
1939	0.0027559999999999998	-0.128	-0.016
1940	0.0027599999999999994	-0.128	-0.016
1941	0.002764	-0.128	-0.016
1942	0.0027679999999999996	-0.136	-0.016
1943	0.0027719999999999993	-0.136	-0.016
1944	0.002776	-0.136	-0.016
1945	0.0027799999999999995	-0.14400000000000002	-0.016
1946	0.002783999999999999	-0.14400000000000002	-0.016
1947	0.0027879999999999997	-0.14400000000000002	-0.016
1948	0.0027919999999999993	-0.14400000000000002	-0.016
1949	0.002796	-0.152	-0.016
1950	0.0027999999999999995	-0.152	-0.016
1951	0.002803999999999999	-0.152	-0.016
1952	0.0028079999999999997	-0.16	-0.016
1953	0.0028119999999999994	-0.16	-0.016
1954	0.002816	-0.16	-0.016
1955	0.0028199999999999987	-0.168	-0.016
1956	0.0028239999999999993	-0.168	-0.016
1957	0.002828	-0.168	-0.016
1958	0.0028320000000000003	-0.176	-0.016
1959	0.002835999999999999	-0.176	-0.016
1960	0.0028399999999999996	-0.176	-0.016
1961	0.002844	-0.176	-0.016
1962	0.002847999999999999	-0.184	-0.016
1963	0.0028519999999999995	-0.184	-0.016
1964	0.002856	-0.184	-0.016
1965	0.002859999999999999	-0.192	-0.016
1966	0.0028639999999999994	-0.192	-0.016
1967	0.002868	-0.192	-0.016
1968	0.0028719999999999987	-0.2	-0.016
1969	0.002875999999999999	-0.2	-0.016
1970	0.0028799999999999997	-0.2	-0.016
1971	0.0028840000000000003	-0.20800000000000002	-0.016
1972	0.002887999999999999	-0.20800000000000002	-0.016
1973	0.0028919999999999996	-0.20800000000000002	-0.016
1974	0.002896	-0.20800000000000002	-0.016
1975	0.002899999999999999	-0.20800000000000002	-0.016
1976	0.0029039999999999995	-0.216	-0.016
1977	0.002908	-0.216	-0.016
1978	0.002911999999999999	-0.216	-0.016
1979	0.0029159999999999993	-0.224	-0.016
1980	0.00292	-0.224	-0.016
1981	0.0029240000000000004	-0.224	-0.016
1982	0.002927999999999999	-0.224	-0.016
1983	0.0029319999999999997	-0.232	-0.016
1984	0.0029360000000000002	-0.232	-0.016
1985	0.002939999999999999	-0.232	-0.016
1986	0.0029439999999999996	-0.24	-0.016
1987	0.002948	-0.24	-0.016
1988	0.002951999999999999	-0.24	-0.016
1989	0.0029559999999999994	-0.24	-0.016
1990	0.00296	-0.248	-0.016
1991	0.0029639999999999988	-0.248	-0.016
1992	0.0029679999999999993	-0.248	-0.016
1993	0.002972	-0.256	-0.016
1994	0.0029760000000000003	-0.256	-0.016
1995	0.002979999999999999	-0.256	-0.016
1996	0.0029839999999999997	-0.256	-0.016
1997	0.002988	-0.264	-0.016
1998	0.002991999999999999	-0.264	-0.016
1999	0.0029959999999999995	-0.264	-0.016
2000	0.003	-0.264	-0.016
2001	0.003003999999999999	-0.272	-0.016
2002	0.0030079999999999994	-0.272	-0.016
2003	0.003012	-0.272	-0.016
2004	0.0030159999999999987	-0.272	-0.016
2005	0.0030199999999999992	-0.28	-0.016
2006	0.0030239999999999998	-0.28	-0.016
2007	0.0030280000000000003	-0.28	-0.016
2008	0.003031999999999999	-0.28800000000000003	-0.016
2009	0.0030359999999999996	-0.28800000000000003	-0.016
2010	0.00304	-0.28800000000000003	-0.016
2011	0.003043999999999999	-0.28800000000000003	-0.016
2012	0.0030479999999999995	-0.296	-0.016
2013	0.003052	-0.296	-0.016
2014	0.003055999999999999	-0.296	-0.016
2015	0.0030599999999999994	-0.296	-0.016
2016	0.003064	-0.304	-0.016
2017	0.0030679999999999987	-0.304	-0.016
2018	0.003071999999999999	-0.304	-0.016
2019	0.0030759999999999997	-0.312	-0.016
2020	0.0030800000000000003	-0.312	-0.016
2021	0.003083999999999999	-0.312	-0.016
2022	0.0030879999999999996	-0.312	-0.016
2023	0.003092	-0.312	-0.016
2024	0.003095999999999999	-0.32	-0.016
2025	0.0030999999999999995	-0.32	-0.016
2026	0.003104	-0.32	-0.016
2027	0.003107999999999999	-0.328	-0.016
2028	0.0031119999999999993	-0.328	-0.016
2029	0.003116	-0.328	-0.016
2030	0.0031200000000000004	-0.328	-0.016
2031	0.003123999999999999	-0.328	-0.016
2032	0.0031279999999999997	-0.336	-0.016
2033	0.0031320000000000002	-0.336	-0.016
2034	0.003135999999999999	-0.336	-0.016
2035	0.0031399999999999996	-0.34400000000000003	-0.016
2036	0.003144	-0.34400000000000003	-0.016
2037	0.003147999999999999	-0.34400000000000003	-0.016
2038	0.0031519999999999994	-0.34400000000000003	-0.016
2039	0.003156	-0.34400000000000003	-0.016
2040	0.0031599999999999987	-0.34400000000000003	-0.016
2041	0.0031639999999999993	-0.352	-0.016
2042	0.003168	-0.352	-0.016
2043	0.0031720000000000003	-0.352	-0.016
2044	0.003175999999999999	-0.352	-0.016
2045	0.0031799999999999997	-0.352	-0.016
2046	0.003184	-0.36	-0.016
2047	0.003187999999999999	-0.36	-0.016
2048	0.0031919999999999995	-0.36	-0.016
2049	0.003196	-0.36	-0.016
2050	0.003199999999999999	-0.368	-0.016
2051	0.0032039999999999994	-0.368	-0.016
2052	0.003208	-0.368	-0.016
2053	0.0032119999999999987	-0.368	-0.016
2054	0.0032159999999999992	-0.376	-0.016
2055	0.0032199999999999998	-0.376	-0.016
2056	0.0032240000000000003	-0.376	-0.016
2057	0.003227999999999999	-0.376	-0.016
2058	0.0032319999999999996	-0.376	-0.016
2059	0.003236	-0.376	-0.016
2060	0.003239999999999999	-0.384	-0.016
2061	0.0032439999999999995	-0.384	-0.016
2062	0.003248	-0.384	-0.016
2063	0.003251999999999999	-0.384	-0.016
2064	0.0032559999999999993	-0.392	-0.016
2065	0.00326	-0.392	-0.016
2066	0.0032639999999999987	-0.392	-0.016
2067	0.003267999999999999	-0.392	-0.016
2068	0.0032719999999999997	-0.392	-0.016
2069	0.0032760000000000003	-0.392	-0.016
2070	0.003279999999999999	-0.4	-0.016
2071	0.0032839999999999996	-0.4	-0.016
2072	0.003288	-0.4	-0.016
2073	0.003291999999999999	-0.4	-0.016
2074	0.0032959999999999995	-0.40800000000000003	-0.016
2075	0.0033	-0.40800000000000003	-0.008
2076	0.0033039999999999988	-0.40800000000000003	-0.016
2077	0.0033079999999999993	-0.40800000000000003	-0.008
2078	0.003312	-0.40800000000000003	-0.008
2079	0.0033160000000000004	-0.40800000000000003	-0.008
2080	0.003319999999999999	-0.41600000000000004	-0.008
2081	0.0033239999999999997	-0.41600000000000004	-0.008
2082	0.0033280000000000002	-0.41600000000000004	-0.008
2083	0.003331999999999999	-0.41600000000000004	-0.008
2084	0.0033359999999999996	-0.41600000000000004	-0.008
2085	0.00334	-0.41600000000000004	-0.008
2086	0.003343999999999999	-0.424	-0.008
2087	0.0033479999999999994	-0.424	-0.008
2088	0.003352	-0.424	-0.008
2089	0.0033559999999999987	-0.424	-0.008
2090	0.0033599999999999993	-0.424	-0.008
2091	0.003364	-0.424	-0.008
2092	0.0033680000000000003	-0.424	-0.008
2093	0.003371999999999999	-0.432	-0.008
2094	0.0033759999999999997	-0.432	-0.008
2095	0.00338	-0.432	-0.008
2096	0.003383999999999999	-0.432	-0.008
2097	0.0033879999999999995	-0.432	-0.008
2098	0.003392	-0.44	-0.008
2099	0.003395999999999999	-0.44	-0.008
2100	0.0033999999999999994	-0.44	-0.008
2101	0.003404	-0.44	-0.008
2102	0.0034079999999999987	-0.44	-0.008
2103	0.0034119999999999992	-0.44	-0.008
2104	0.0034159999999999998	-0.44	-0.008
2105	0.0034200000000000003	-0.44	-0.008
2106	0.003423999999999999	-0.448	-0.008
2107	0.0034279999999999996	-0.448	-0.008
2108	0.003432	-0.448	-0.008
2109	0.003435999999999999	-0.448	-0.008
2110	0.0034399999999999995	-0.448	-0.008
2111	0.003444	-0.456	-0.008
2112	0.003447999999999999	-0.456	-0.008
2113	0.0034519999999999993	-0.456	-0.008
2114	0.003456	-0.456	-0.008
2115	0.0034599999999999987	-0.456	-0.008
2116	0.003463999999999999	-0.456	-0.008
2117	0.0034679999999999997	-0.456	-0.008
2118	0.0034720000000000003	-0.456	-0.008
2119	0.003475999999999999	-0.464	-0.008
2120	0.0034799999999999996	-0.464	-0.008
2121	0.003484	-0.464	-0.008
2122	0.003487999999999999	-0.464	-0.008
2123	0.0034919999999999994	-0.464	-0.008
2124	0.003496	-0.464	-0.008
2125	0.0034999999999999988	-0.464	-0.008
2126	0.0035039999999999993	-0.47200000000000003	-0.008
2127	0.003508	-0.47200000000000003	-0.008
2128	0.0035120000000000004	-0.47200000000000003	-0.008
2129	0.003515999999999999	-0.47200000000000003	-0.008
2130	0.0035199999999999997	-0.47200000000000003	-0.008
2131	0.0035240000000000002	-0.47200000000000003	-0.008
2132	0.003527999999999999	-0.47200000000000003	-0.008
2133	0.0035319999999999995	-0.47200000000000003	-0.008
2134	0.003536	-0.47200000000000003	-0.008
2135	0.003539999999999999	-0.47200000000000003	-0.008
2136	0.0035439999999999994	-0.47200000000000003	-0.008
2137	0.003548	-0.47200000000000003	-0.008
2138	0.0035519999999999987	-0.48	-0.008
2139	0.0035559999999999993	-0.48	-0.008
2140	0.00356	-0.48	-0.008
2141	0.0035640000000000003	-0.48	-0.008
2142	0.003567999999999999	-0.48	-0.008
2143	0.0035719999999999997	-0.48	-0.008
2144	0.003576	-0.48	-0.008
2145	0.003579999999999999	-0.48	-0.008
2146	0.0035839999999999995	-0.48	-0.008
2147	0.003588	-0.48	-0.008
2148	0.003591999999999999	-0.48	-0.008
2149	0.0035959999999999994	-0.48	0.0
2150	0.0036	-0.488	0.0
2151	0.0036039999999999987	-0.488	0.0
2152	0.0036079999999999992	-0.488	-0.008
2153	0.0036119999999999998	-0.488	0.0
2154	0.0036160000000000003	-0.488	0.0
2155	0.003619999999999999	-0.488	0.0
2156	0.0036239999999999996	-0.488	0.0
2157	0.003628	-0.488	0.0
2158	0.003631999999999999	-0.488	0.0
2159	0.0036359999999999995	-0.488	-0.008
2160	0.00364	-0.488	-0.008
2161	0.003643999999999999	-0.488	0.0
2162	0.0036479999999999993	-0.488	0.0
2163	0.003652	-0.488	0.0
2164	0.0036559999999999987	-0.488	0.0
2165	0.003659999999999999	-0.488	0.0
2166	0.0036639999999999997	-0.496	0.0
2167	0.0036680000000000003	-0.496	0.0
2168	0.003671999999999999	-0.496	0.0
2169	0.0036759999999999996	-0.496	0.0
2170	0.00368	-0.496	0.0
2171	0.003683999999999999	-0.496	0.0
2172	0.0036879999999999994	-0.496	0.0
2173	0.003692	-0.496	0.0
2174	0.0036959999999999988	-0.496	0.0
2175	0.0036999999999999993	-0.496	0.0
2176	0.003704	-0.496	0.0
2177	0.0037080000000000004	-0.496	0.0
2178	0.003711999999999999	-0.496	0.0
2179	0.0037159999999999997	-0.496	0.0
2180	0.00372	-0.496	0.0
2181	0.003723999999999999	-0.496	0.0
2182	0.0037279999999999995	-0.496	0.0
2183	0.003732	-0.496	0.0
2184	0.003735999999999999	-0.496	0.0
2185	0.0037399999999999994	-0.496	0.0
2186	0.003744	-0.496	0.0
2187	0.0037479999999999987	-0.496	0.0
2188	0.0037519999999999993	-0.504	0.0
2189	0.003756	-0.504	0.0
2190	0.0037600000000000003	-0.504	0.0
2191	0.003763999999999999	-0.496	0.0
2192	0.0037679999999999996	-0.504	0.0
2193	0.003772	-0.504	0.0
2194	0.003775999999999999	-0.504	0.0
2195	0.0037799999999999995	-0.504	0.0
2196	0.003784	-0.504	0.0
2197	0.003787999999999999	-0.504	0.0
2198	0.0037919999999999994	-0.504	0.0
2199	0.003796	-0.504	0.0
2200	0.0037999999999999987	-0.504	0.0
2201	0.0038039999999999992	-0.504	0.0
2202	0.0038079999999999998	-0.504	0.0
2203	0.0038120000000000003	-0.504	0.0
2204	0.003815999999999999	-0.504	0.0
2205	0.0038199999999999996	-0.504	0.0
2206	0.003824	-0.504	0.0
2207	0.003827999999999999	-0.504	0.0
2208	0.0038319999999999995	-0.504	0.0
2209	0.003836	-0.504	0.0
2210	0.003839999999999999	-0.504	0.0
2211	0.0038439999999999993	-0.504	0.0
2212	0.003848	-0.496	0.0
2213	0.0038519999999999987	-0.496	0.0
2214	0.003855999999999999	-0.504	0.0
2215	0.0038599999999999997	-0.496	0.0
2216	0.0038640000000000002	-0.496	0.0
2217	0.003867999999999999	-0.496	0.0
2218	0.0038719999999999996	-0.496	0.0
2219	0.003876	-0.496	0.0
2220	0.003879999999999999	-0.496	0.0
2221	0.0038839999999999994	-0.496	0.0
2222	0.003888	-0.496	0.0
2223	0.0038919999999999988	-0.496	0.0
2224	0.0038959999999999993	-0.496	0.0
2225	0.0039	-0.496	0.0
2226	0.0039040000000000004	-0.496	0.0
2227	0.003907999999999999	-0.496	0.0
2228	0.003912	-0.496	0.0
2229	0.003916	-0.496	0.0
2230	0.003919999999999999	-0.496	0.0
2231	0.0039239999999999995	-0.496	0.0
2232	0.003928	-0.496	0.0
2233	0.003931999999999999	-0.496	0.0
2234	0.003935999999999999	-0.496	0.0
2235	0.00394	-0.488	0.0
2236	0.003943999999999999	-0.488	0.0
2237	0.003947999999999999	-0.488	0.0
2238	0.003952	-0.488	0.0
2239	0.003956	-0.488	0.0
2240	0.003959999999999999	-0.488	0.008
2241	0.003964	-0.488	0.0
2242	0.003968	-0.488	0.008
2243	0.003971999999999999	-0.488	0.008
2244	0.0039759999999999995	-0.488	0.0
2245	0.00398	-0.488	0.008
2246	0.003983999999999999	-0.488	0.008
2247	0.003987999999999999	-0.488	0.008
2248	0.003992	-0.488	0.008
2249	0.003995999999999999	-0.488	0.008
2250	0.003999999999999999	-0.488	0.008
2251	0.004004	-0.488	0.008
2252	0.004008	-0.48	0.008
2253	0.004011999999999999	-0.48	0.008
2254	0.004016	-0.48	0.008
2255	0.00402	-0.48	0.008
2256	0.004023999999999999	-0.48	0.008
2257	0.0040279999999999995	-0.48	0.008
2258	0.004032	-0.48	0.008
2259	0.004035999999999999	-0.48	0.008
2260	0.004039999999999999	-0.48	0.008
2261	0.004044	-0.48	0.008
2262	0.004047999999999999	-0.48	0.008
2263	0.004051999999999999	-0.48	0.008
2264	0.004056	-0.48	0.008
2265	0.00406	-0.47200000000000003	0.008
2266	0.004063999999999999	-0.47200000000000003	0.008
2267	0.004068	-0.47200000000000003	0.008
2268	0.004072	-0.47200000000000003	0.008
2269	0.004075999999999999	-0.47200000000000003	0.008
2270	0.004079999999999999	-0.47200000000000003	0.008
2271	0.004084	-0.47200000000000003	0.008
2272	0.004087999999999999	-0.47200000000000003	0.008
2273	0.004091999999999999	-0.47200000000000003	0.008
2274	0.004096	-0.47200000000000003	0.008
2275	0.0041	-0.47200000000000003	0.008
2276	0.004103999999999999	-0.464	0.008
2277	0.004108	-0.464	0.008
2278	0.004112	-0.464	0.008
2279	0.004115999999999999	-0.464	0.008
2280	0.0041199999999999995	-0.464	0.008
2281	0.004124	-0.464	0.008
2282	0.004127999999999999	-0.456	0.008
2283	0.004131999999999999	-0.456	0.008
2284	0.004136	-0.456	0.008
2285	0.004139999999999999	-0.456	0.008
2286	0.004143999999999999	-0.456	0.008
2287	0.004148	-0.456	0.008
2288	0.004152	-0.456	0.008
2289	0.004155999999999999	-0.456	0.008
2290	0.00416	-0.448	0.008
2291	0.004164	-0.448	0.008
2292	0.004167999999999999	-0.448	0.008
2293	0.0041719999999999995	-0.448	0.008
2294	0.004176	-0.448	0.008
2295	0.004179999999999999	-0.448	0.008
2296	0.004183999999999999	-0.44	0.008
2297	0.004188	-0.44	0.008
2298	0.004191999999999999	-0.44	0.008
2299	0.004195999999999999	-0.44	0.008
2300	0.0042	-0.44	0.008
2301	0.004204	-0.44	0.008
2302	0.004207999999999999	-0.44	0.008
2303	0.004212	-0.44	0.008
2304	0.004216	-0.432	0.008
2305	0.004219999999999999	-0.432	0.008
2306	0.0042239999999999995	-0.432	0.008
2307	0.004228	-0.432	0.016
2308	0.004231999999999999	-0.432	0.008
2309	0.004235999999999999	-0.424	0.008
2310	0.00424	-0.424	0.008
2311	0.004243999999999999	-0.424	0.008
2312	0.004247999999999999	-0.424	0.016
2313	0.004252	-0.424	0.016
2314	0.004256	-0.424	0.016
2315	0.004259999999999999	-0.424	0.016
2316	0.0042639999999999996	-0.41600000000000004	0.016
2317	0.004268	-0.41600000000000004	0.016
2318	0.004271999999999999	-0.41600000000000004	0.016
2319	0.004275999999999999	-0.41600000000000004	0.016
2320	0.00428	-0.41600000000000004	0.016
2321	0.004283999999999999	-0.41600000000000004	0.016
2322	0.004287999999999999	-0.40800000000000003	0.016
2323	0.004292	-0.40800000000000003	0.016
2324	0.004296	-0.40800000000000003	0.016
2325	0.004299999999999999	-0.40800000000000003	0.016
2326	0.004304	-0.40800000000000003	0.016
2327	0.004308	-0.40800000000000003	0.016
2328	0.004311999999999999	-0.4	0.016
2329	0.0043159999999999995	-0.4	0.016
2330	0.00432	-0.4	0.016
2331	0.004323999999999999	-0.4	0.016
2332	0.004327999999999999	-0.392	0.016
2333	0.004332	-0.392	0.016
2334	0.004335999999999999	-0.392	0.016
2335	0.004339999999999999	-0.392	0.016
2336	0.004344	-0.392	0.016
2337	0.004348	-0.392	0.016
2338	0.004351999999999999	-0.384	0.016
2339	0.004356	-0.384	0.016
2340	0.00436	-0.384	0.016
2341	0.004363999999999999	-0.384	0.016
2342	0.0043679999999999995	-0.376	0.016
2343	0.004372	-0.376	0.016
2344	0.004375999999999999	-0.376	0.016
2345	0.004379999999999999	-0.376	0.016
2346	0.004384	-0.376	0.016
2347	0.004387999999999999	-0.368	0.016
2348	0.004391999999999999	-0.368	0.016
2349	0.004396	-0.368	0.016
2350	0.0044	-0.368	0.016
2351	0.004403999999999999	-0.36	0.016
2352	0.004408	-0.36	0.016
2353	0.004412	-0.36	0.016
2354	0.004415999999999999	-0.36	0.016
2355	0.0044199999999999995	-0.36	0.016
2356	0.004424	-0.352	0.016
2357	0.004427999999999999	-0.352	0.016
2358	0.004431999999999999	-0.352	0.016
2359	0.004436	-0.352	0.016
2360	0.004439999999999999	-0.352	0.016
2361	0.004443999999999999	-0.34400000000000003	0.016
2362	0.004448	-0.34400000000000003	0.016
2363	0.004452	-0.34400000000000003	0.016
2364	0.004455999999999999	-0.34400000000000003	0.016
2365	0.0044599999999999996	-0.34400000000000003	0.016
2366	0.004464	-0.34400000000000003	0.016
2367	0.004467999999999999	-0.336	0.016
2368	0.004471999999999999	-0.336	0.016
2369	0.004476	-0.336	0.016
2370	0.004479999999999999	-0.328	0.016
2371	0.004483999999999999	-0.328	0.016
2372	0.004488	-0.328	0.016
2373	0.004492	-0.328	0.016
2374	0.004495999999999999	-0.32	0.016
2375	0.0045	-0.32	0.016
2376	0.004504	-0.32	0.016
2377	0.004507999999999999	-0.32	0.016
2378	0.0045119999999999995	-0.312	0.016
2379	0.004516	-0.312	0.016
2380	0.004519999999999999	-0.312	0.016
2381	0.004523999999999999	-0.312	0.016
2382	0.004528	-0.304	0.016
2383	0.004531999999999999	-0.304	0.016
2384	0.004535999999999999	-0.304	0.016
2385	0.00454	-0.304	0.016
2386	0.004544	-0.296	0.016
2387	0.004547999999999999	-0.296	0.016
2388	0.004552	-0.296	0.016
2389	0.004556	-0.296	0.016
2390	0.004559999999999999	-0.28800000000000003	0.016
2391	0.0045639999999999995	-0.28800000000000003	0.016
2392	0.004568	-0.28800000000000003	0.016
2393	0.004571999999999999	-0.28800000000000003	0.016
2394	0.004575999999999999	-0.28	0.016
2395	0.00458	-0.28	0.016
2396	0.004583999999999999	-0.28	0.016
2397	0.004587999999999999	-0.272	0.016
2398	0.004592	-0.272	0.016
2399	0.004596	-0.272	0.016
2400	0.004599999999999999	-0.272	0.016
2401	0.004604	-0.264	0.016
2402	0.004608	-0.264	0.016
2403	0.004611999999999999	-0.264	0.016
2404	0.0046159999999999994	-0.264	0.016
2405	0.00462	-0.256	0.016
2406	0.004623999999999999	-0.256	0.016
2407	0.004627999999999999	-0.256	0.016
2408	0.004632	-0.248	0.016
2409	0.004635999999999999	-0.248	0.016
2410	0.004639999999999999	-0.248	0.016
2411	0.004644	-0.24	0.016
2412	0.004648	-0.24	0.016
2413	0.004651999999999999	-0.24	0.016
2414	0.0046559999999999995	-0.24	0.016
2415	0.00466	-0.24	0.016
2416	0.004663999999999999	-0.232	0.016
2417	0.004667999999999999	-0.232	0.016
2418	0.004672	-0.224	0.016
2419	0.004675999999999999	-0.224	0.016
2420	0.004679999999999999	-0.224	0.016
2421	0.004684	-0.224	0.016
2422	0.004687999999999999	-0.216	0.016
2423	0.004691999999999999	-0.216	0.016
2424	0.004696	-0.216	0.016
2425	0.0047	-0.20800000000000002	0.016
2426	0.004703999999999999	-0.20800000000000002	0.016
2427	0.0047079999999999995	-0.20800000000000002	0.016
2428	0.004712	-0.20800000000000002	0.016
2429	0.004715999999999999	-0.20800000000000002	0.016
2430	0.004719999999999999	-0.2	0.016
2431	0.004724	-0.2	0.016
2432	0.004727999999999999	-0.2	0.016
2433	0.004731999999999999	-0.192	0.016
2434	0.004736	-0.192	0.016
2435	0.00474	-0.192	0.016
2436	0.004743999999999999	-0.192	0.016
2437	0.004748	-0.184	0.016
2438	0.004752	-0.184	0.016
2439	0.004755999999999999	-0.176	0.016
2440	0.0047599999999999995	-0.176	0.016
2441	0.004764	-0.176	0.016
2442	0.004767999999999999	-0.176	0.016
2443	0.004771999999999999	-0.168	0.016
2444	0.004776	-0.168	0.016
2445	0.004779999999999999	-0.168	0.016
2446	0.004783999999999999	-0.16	0.016
2447	0.004788	-0.16	0.016
2448	0.004792	-0.16	0.016
2449	0.004795999999999999	-0.16	0.016
2450	0.0048	-0.152	0.016
2451	0.004804	-0.152	0.016
2452	0.004807999999999999	-0.152	0.016
2453	0.0048119999999999994	-0.14400000000000002	0.016
2454	0.004816	-0.14400000000000002	0.016
2455	0.004819999999999999	-0.14400000000000002	0.016
2456	0.004823999999999999	-0.14400000000000002	0.016
2457	0.004828	-0.136	0.016
2458	0.004831999999999999	-0.136	0.016
2459	0.004835999999999999	-0.136	0.016
2460	0.00484	-0.128	0.016
2461	0.004844	-0.128	0.016
2462	0.004847999999999999	-0.128	0.016
2463	0.0048519999999999995	-0.12	0.016
2464	0.004856	-0.12	0.016
2465	0.004859999999999999	-0.12	0.016
2466	0.004863999999999999	-0.112	0.016
2467	0.004868	-0.112	0.016
2468	0.004871999999999999	-0.112	0.016
2469	0.004875999999999999	-0.112	0.016
2470	0.00488	-0.10400000000000001	0.016
2471	0.004883999999999999	-0.10400000000000001	0.016
2472	0.004887999999999999	-0.10400000000000001	0.016
2473	0.004892	-0.096	0.016
2474	0.004896	-0.096	0.016
2475	0.004899999999999999	-0.096	0.016
2476	0.0049039999999999995	-0.088	0.016
2477	0.004908	-0.088	0.016
2478	0.004911999999999999	-0.08	0.016
2479	0.004915999999999999	-0.08	0.016
2480	0.00492	-0.08	0.016
2481	0.004923999999999999	-0.08	0.016
2482	0.004927999999999999	-0.07200000000000001	0.016
2483	0.004932	-0.07200000000000001	0.016
2484	0.004936	-0.07200000000000001	0.016
2485	0.004939999999999999	-0.07200000000000001	0.016
2486	0.004944	-0.064	0.016
2487	0.004948	-0.064	0.016
2488	0.004951999999999999	-0.064	0.016
2489	0.0049559999999999995	-0.064	0.016
2490	0.00496	-0.056	0.016
2491	0.004963999999999999	-0.056	0.016
2492	0.004967999999999999	-0.048	0.016
2493	0.004972	-0.048	0.016
2494	0.004975999999999999	-0.048	0.016
2495	0.004979999999999999	-0.048	0.016
2496	0.004984	-0.04	0.016
2497	0.004988	-0.04	0.016
2498	0.004991999999999999	-0.032	0.016
2499	0.004996	-0.032	0.016
