n	t       V1      V2
0	-1.241e-05	-0.44	0.0
1	-1.24e-05	-0.44	0.0
2	-1.239e-05	-0.44	0.0
3	-1.238e-05	-0.44	0.0
4	-1.237e-05	-0.44	0.0
5	-1.236e-05	-0.44	0.0
6	-1.235e-05	-0.44	-0.008
7	-1.234e-05	-0.44	0.0
8	-1.233e-05	-0.44	0.0
9	-1.2319999999999999e-05	-0.44	0.0
10	-1.2309999999999999e-05	-0.44	0.0
11	-1.2299999999999999e-05	-0.44	0.0
12	-1.229e-05	-0.44	-0.008
13	-1.228e-05	-0.44	0.0
14	-1.227e-05	-0.44	0.0
15	-1.226e-05	-0.44	0.0
16	-1.225e-05	-0.44	0.0
17	-1.224e-05	-0.44	0.0
18	-1.223e-05	-0.44	0.0
19	-1.222e-05	-0.44	0.0
20	-1.221e-05	-0.44	-0.008
21	-1.22e-05	-0.44	0.0
22	-1.219e-05	-0.44	-0.008
23	-1.218e-05	-0.44	-0.008
24	-1.217e-05	-0.44	0.0
25	-1.216e-05	-0.44	-0.008
26	-1.215e-05	-0.44	-0.008
27	-1.2139999999999999e-05	-0.44	-0.008
28	-1.2129999999999999e-05	-0.44	-0.008
29	-1.212e-05	-0.44	-0.008
30	-1.211e-05	-0.44	-0.008
31	-1.21e-05	-0.44	-0.008
32	-1.209e-05	-0.44	-0.008
33	-1.208e-05	-0.44	-0.008
34	-1.207e-05	-0.44	0.0
35	-1.206e-05	-0.44	-0.008
36	-1.205e-05	-0.44	-0.008
37	-1.204e-05	-0.44	-0.008
38	-1.203e-05	-0.44	-0.008
39	-1.202e-05	-0.44	-0.008
40	-1.201e-05	-0.44	-0.008
41	-1.2e-05	-0.44	-0.008
42	-1.199e-05	-0.44	-0.008
43	-1.198e-05	-0.44	-0.008
44	-1.1969999999999999e-05	-0.44	-0.008
45	-1.1959999999999999e-05	-0.44	-0.008
46	-1.1949999999999999e-05	-0.44	-0.008
47	-1.194e-05	-0.432	-0.008
48	-1.193e-05	-0.44	-0.008
49	-1.192e-05	-0.44	-0.008
50	-1.191e-05	-0.44	-0.008
51	-1.19e-05	-0.44	-0.008
52	-1.189e-05	-0.44	-0.008
53	-1.188e-05	-0.44	-0.008
54	-1.187e-05	-0.44	-0.008
55	-1.186e-05	-0.44	-0.008
56	-1.185e-05	-0.44	-0.008
57	-1.184e-05	-0.44	-0.008
58	-1.183e-05	-0.44	-0.008
59	-1.182e-05	-0.432	-0.008
60	-1.181e-05	-0.44	-0.008
61	-1.18e-05	-0.44	-0.008
62	-1.179e-05	-0.44	-0.008
63	-1.1779999999999999e-05	-0.44	-0.008
64	-1.1769999999999999e-05	-0.44	-0.008
65	-1.176e-05	-0.44	-0.008
66	-1.175e-05	-0.44	-0.008
67	-1.174e-05	-0.44	-0.008
68	-1.173e-05	-0.44	-0.008
69	-1.172e-05	-0.44	-0.008
70	-1.171e-05	-0.44	-0.008
71	-1.17e-05	-0.44	-0.008
72	-1.169e-05	-0.44	-0.008
73	-1.168e-05	-0.44	-0.008
74	-1.167e-05	-0.432	-0.008
75	-1.166e-05	-0.44	-0.008
76	-1.165e-05	-0.44	-0.016
77	-1.164e-05	-0.44	-0.008
78	-1.163e-05	-0.44	-0.008
79	-1.162e-05	-0.44	-0.008
80	-1.1609999999999999e-05	-0.44	-0.008
81	-1.1599999999999999e-05	-0.44	-0.008
82	-1.1589999999999999e-05	-0.44	-0.008
83	-1.158e-05	-0.44	-0.008
84	-1.157e-05	-0.44	-0.016
85	-1.156e-05	-0.44	-0.008
86	-1.155e-05	-0.44	-0.008
87	-1.154e-05	-0.44	-0.016
88	-1.153e-05	-0.44	-0.008
89	-1.152e-05	-0.44	-0.016
90	-1.151e-05	-0.44	-0.016
91	-1.15e-05	-0.44	-0.016
92	-1.149e-05	-0.44	-0.016
93	-1.148e-05	-0.44	-0.008
94	-1.147e-05	-0.44	-0.016
95	-1.146e-05	-0.44	-0.008
96	-1.145e-05	-0.44	-0.016
97	-1.1439999999999999e-05	-0.44	-0.016
98	-1.143e-05	-0.44	-0.016
99	-1.1419999999999999e-05	-0.44	-0.016
100	-1.141e-05	-0.44	-0.016
101	-1.14e-05	-0.44	-0.016
102	-1.139e-05	-0.44	-0.016
103	-1.138e-05	-0.44	-0.016
104	-1.137e-05	-0.44	-0.016
105	-1.136e-05	-0.44	-0.016
106	-1.135e-05	-0.44	-0.016
107	-1.134e-05	-0.44	-0.016
108	-1.133e-05	-0.44	-0.016
109	-1.132e-05	-0.44	-0.016
110	-1.131e-05	-0.44	-0.016
111	-1.13e-05	-0.44	-0.016
112	-1.129e-05	-0.44	-0.016
113	-1.128e-05	-0.44	-0.016
114	-1.1269999999999999e-05	-0.44	-0.016
115	-1.126e-05	-0.44	-0.016
116	-1.1249999999999999e-05	-0.44	-0.016
117	-1.1239999999999999e-05	-0.44	-0.016
118	-1.123e-05	-0.44	-0.016
119	-1.122e-05	-0.44	-0.016
120	-1.121e-05	-0.44	-0.016
121	-1.12e-05	-0.44	-0.024
122	-1.119e-05	-0.44	-0.016
123	-1.118e-05	-0.44	-0.016
124	-1.117e-05	-0.44	-0.016
125	-1.116e-05	-0.44	-0.016
126	-1.115e-05	-0.44	-0.016
127	-1.114e-05	-0.44	-0.016
128	-1.113e-05	-0.44	-0.016
129	-1.112e-05	-0.44	-0.016
130	-1.111e-05	-0.44	-0.016
131	-1.11e-05	-0.44	-0.016
132	-1.109e-05	-0.44	-0.016
133	-1.1079999999999999e-05	-0.44	-0.016
134	-1.1069999999999999e-05	-0.44	-0.024
135	-1.1059999999999999e-05	-0.44	-0.024
136	-1.105e-05	-0.44	-0.024
137	-1.104e-05	-0.44	-0.016
138	-1.103e-05	-0.44	-0.016
139	-1.102e-05	-0.44	-0.016
140	-1.101e-05	-0.44	-0.016
141	-1.1e-05	-0.44	-0.024
142	-1.099e-05	-0.44	-0.024
143	-1.098e-05	-0.44	-0.016
144	-1.097e-05	-0.44	-0.016
145	-1.096e-05	-0.44	-0.024
146	-1.095e-05	-0.44	-0.024
147	-1.094e-05	-0.44	-0.016
148	-1.093e-05	-0.44	-0.016
149	-1.092e-05	-0.44	-0.024
150	-1.0909999999999999e-05	-0.44	-0.024
151	-1.09e-05	-0.44	-0.024
152	-1.0889999999999999e-05	-0.44	-0.024
153	-1.088e-05	-0.44	-0.024
154	-1.087e-05	-0.44	-0.024
155	-1.086e-05	-0.44	-0.024
156	-1.085e-05	-0.44	-0.024
157	-1.084e-05	-0.44	-0.016
158	-1.083e-05	-0.44	-0.024
159	-1.082e-05	-0.44	-0.024
160	-1.081e-05	-0.44	-0.024
161	-1.08e-05	-0.44	-0.024
162	-1.079e-05	-0.44	-0.024
163	-1.078e-05	-0.44	-0.024
164	-1.077e-05	-0.44	-0.024
165	-1.076e-05	-0.44	-0.024
166	-1.075e-05	-0.44	-0.024
167	-1.0739999999999999e-05	-0.44	-0.024
168	-1.073e-05	-0.44	-0.024
169	-1.0719999999999999e-05	-0.44	-0.024
170	-1.0709999999999999e-05	-0.432	-0.024
171	-1.07e-05	-0.44	-0.024
172	-1.069e-05	-0.44	-0.024
173	-1.068e-05	-0.44	-0.024
174	-1.067e-05	-0.44	-0.024
175	-1.066e-05	-0.44	-0.024
176	-1.065e-05	-0.44	-0.024
177	-1.064e-05	-0.44	-0.024
178	-1.063e-05	-0.44	-0.024
179	-1.062e-05	-0.44	-0.024
180	-1.061e-05	-0.44	-0.024
181	-1.06e-05	-0.44	-0.024
182	-1.059e-05	-0.44	-0.024
183	-1.058e-05	-0.44	-0.024
184	-1.057e-05	-0.44	-0.024
185	-1.056e-05	-0.432	-0.024
186	-1.0549999999999999e-05	-0.44	-0.024
187	-1.0539999999999999e-05	-0.44	-0.024
188	-1.0529999999999999e-05	-0.44	-0.024
189	-1.052e-05	-0.44	-0.024
190	-1.051e-05	-0.44	-0.032
191	-1.05e-05	-0.44	-0.024
192	-1.049e-05	-0.44	-0.024
193	-1.048e-05	-0.44	-0.024
194	-1.047e-05	-0.44	-0.024
195	-1.046e-05	-0.44	-0.024
196	-1.045e-05	-0.44	-0.024
197	-1.044e-05	-0.44	-0.024
198	-1.043e-05	-0.44	-0.024
199	-1.042e-05	-0.44	-0.024
200	-1.041e-05	-0.44	-0.024
201	-1.0399999999999999e-05	-0.44	-0.024
202	-1.039e-05	-0.44	-0.024
203	-1.0379999999999999e-05	-0.44	-0.024
204	-1.037e-05	-0.44	-0.024
205	-1.0359999999999999e-05	-0.44	-0.032
206	-1.035e-05	-0.44	-0.024
207	-1.034e-05	-0.44	-0.032
208	-1.033e-05	-0.44	-0.032
209	-1.032e-05	-0.44	-0.032
210	-1.031e-05	-0.44	-0.024
211	-1.03e-05	-0.44	-0.032
212	-1.029e-05	-0.44	-0.032
213	-1.028e-05	-0.44	-0.024
214	-1.027e-05	-0.44	-0.032
215	-1.026e-05	-0.44	-0.032
216	-1.025e-05	-0.44	-0.024
217	-1.024e-05	-0.44	-0.032
218	-1.023e-05	-0.44	-0.032
219	-1.022e-05	-0.44	-0.032
220	-1.0209999999999999e-05	-0.432	-0.032
221	-1.02e-05	-0.44	-0.032
222	-1.0189999999999999e-05	-0.44	-0.032
223	-1.0179999999999999e-05	-0.44	-0.032
224	-1.017e-05	-0.44	-0.032
225	-1.016e-05	-0.44	-0.032
226	-1.015e-05	-0.44	-0.032
227	-1.014e-05	-0.44	-0.032
228	-1.013e-05	-0.44	-0.032
229	-1.012e-05	-0.44	-0.032
230	-1.011e-05	-0.44	-0.032
231	-1.01e-05	-0.44	-0.032
232	-1.009e-05	-0.44	-0.032
233	-1.008e-05	-0.44	-0.032
234	-1.007e-05	-0.44	-0.032
235	-1.006e-05	-0.44	-0.032
236	-1.005e-05	-0.44	-0.032
237	-1.0039999999999999e-05	-0.44	-0.032
238	-1.003e-05	-0.44	-0.032
239	-1.0019999999999999e-05	-0.44	-0.032
240	-1.001e-05	-0.44	-0.032
241	-9.999999999999999e-06	-0.44	-0.032
242	-9.99e-06	-0.44	-0.032
243	-9.98e-06	-0.432	-0.032
244	-9.97e-06	-0.44	-0.032
245	-9.96e-06	-0.424	-0.032
246	-9.95e-06	0.0	-0.024
247	-9.94e-06	0.552	-0.016
248	-9.93e-06	0.584	-0.064
249	-9.92e-06	0.592	-0.056
250	-9.91e-06	0.5680000000000001	0.008
251	-9.9e-06	0.47200000000000003	-0.016
252	-9.89e-06	0.464	-0.056
253	-9.88e-06	0.496	-0.04
254	-9.869999999999999e-06	0.512	-0.008
255	-9.86e-06	0.464	-0.032
256	-9.849999999999999e-06	0.432	-0.04
257	-9.84e-06	0.464	-0.032
258	-9.829999999999999e-06	0.48	-0.024
259	-9.82e-06	0.44	-0.024
260	-9.81e-06	0.432	-0.048
261	-9.8e-06	0.464	-0.032
262	-9.79e-06	0.464	-0.016
263	-9.78e-06	0.44	-0.04
264	-9.77e-06	0.44	-0.04
265	-9.76e-06	0.456	-0.024
266	-9.75e-06	0.448	-0.032
267	-9.74e-06	0.44	-0.032
268	-9.73e-06	0.44	-0.032
269	-9.72e-06	0.456	-0.032
270	-9.71e-06	0.448	-0.024
271	-9.7e-06	0.44	-0.032
272	-9.69e-06	0.448	-0.032
273	-9.679999999999999e-06	0.456	-0.024
274	-9.67e-06	0.448	-0.032
275	-9.659999999999999e-06	0.44	-0.032
276	-9.649999999999999e-06	0.448	-0.032
277	-9.64e-06	0.448	-0.032
278	-9.63e-06	0.448	-0.032
279	-9.62e-06	0.448	-0.024
280	-9.61e-06	0.448	-0.032
281	-9.6e-06	0.448	-0.024
282	-9.59e-06	0.448	-0.024
283	-9.58e-06	0.448	-0.032
284	-9.57e-06	0.448	-0.024
285	-9.56e-06	0.448	-0.024
286	-9.55e-06	0.448	-0.024
287	-9.54e-06	0.448	-0.024
288	-9.53e-06	0.448	-0.024
289	-9.52e-06	0.448	-0.032
290	-9.509999999999999e-06	0.448	-0.024
291	-9.5e-06	0.448	-0.024
292	-9.489999999999999e-06	0.448	-0.024
293	-9.48e-06	0.448	-0.024
294	-9.469999999999999e-06	0.448	-0.024
295	-9.46e-06	0.448	-0.024
296	-9.45e-06	0.448	-0.024
297	-9.44e-06	0.448	-0.024
298	-9.43e-06	0.448	-0.024
299	-9.42e-06	0.448	-0.024
300	-9.41e-06	0.448	-0.024
301	-9.4e-06	0.448	-0.024
302	-9.39e-06	0.448	-0.024
303	-9.38e-06	0.448	-0.024
304	-9.37e-06	0.448	-0.024
305	-9.36e-06	0.448	-0.024
306	-9.35e-06	0.448	-0.024
307	-9.339999999999999e-06	0.448	-0.024
308	-9.33e-06	0.448	-0.024
309	-9.319999999999999e-06	0.448	-0.024
310	-9.31e-06	0.448	-0.024
311	-9.299999999999999e-06	0.448	-0.024
312	-9.289999999999999e-06	0.448	-0.024
313	-9.28e-06	0.448	-0.024
314	-9.27e-06	0.448	-0.024
315	-9.26e-06	0.448	-0.024
316	-9.25e-06	0.448	-0.024
317	-9.24e-06	0.448	-0.024
318	-9.23e-06	0.448	-0.024
319	-9.22e-06	0.448	-0.024
320	-9.21e-06	0.448	-0.024
321	-9.2e-06	0.448	-0.024
322	-9.19e-06	0.448	-0.024
323	-9.18e-06	0.448	-0.024
324	-9.17e-06	0.448	-0.024
325	-9.16e-06	0.448	-0.024
326	-9.149999999999999e-06	0.448	-0.024
327	-9.14e-06	0.448	-0.024
328	-9.129999999999999e-06	0.448	-0.024
329	-9.119999999999999e-06	0.448	-0.024
330	-9.11e-06	0.448	-0.024
331	-9.1e-06	0.448	-0.024
332	-9.09e-06	0.448	-0.024
333	-9.08e-06	0.448	-0.024
334	-9.07e-06	0.448	-0.024
335	-9.06e-06	0.448	-0.024
336	-9.05e-06	0.448	-0.024
337	-9.04e-06	0.448	-0.024
338	-9.03e-06	0.448	-0.024
339	-9.02e-06	0.448	-0.024
340	-9.01e-06	0.448	-0.024
341	-9e-06	0.448	-0.016
342	-8.99e-06	0.448	-0.016
343	-8.979999999999999e-06	0.448	-0.016
344	-8.97e-06	0.448	-0.016
345	-8.959999999999999e-06	0.448	-0.016
346	-8.95e-06	0.448	-0.016
347	-8.939999999999999e-06	0.448	-0.016
348	-8.93e-06	0.448	-0.016
349	-8.92e-06	0.448	-0.016
350	-8.91e-06	0.448	-0.016
351	-8.9e-06	0.448	-0.016
352	-8.89e-06	0.448	-0.016
353	-8.88e-06	0.448	-0.016
354	-8.87e-06	0.448	-0.016
355	-8.86e-06	0.448	-0.016
356	-8.85e-06	0.448	-0.016
357	-8.84e-06	0.448	-0.016
358	-8.83e-06	0.448	-0.016
359	-8.82e-06	0.448	-0.016
360	-8.809999999999999e-06	0.448	-0.016
361	-8.8e-06	0.448	-0.016
362	-8.789999999999999e-06	0.448	-0.016
363	-8.78e-06	0.448	-0.016
364	-8.769999999999999e-06	0.448	-0.016
365	-8.759999999999999e-06	0.448	-0.016
366	-8.75e-06	0.448	-0.016
367	-8.74e-06	0.448	-0.016
368	-8.73e-06	0.448	-0.016
369	-8.72e-06	0.448	-0.016
370	-8.71e-06	0.448	-0.016
371	-8.7e-06	0.448	-0.016
372	-8.69e-06	0.448	-0.016
373	-8.68e-06	0.448	-0.016
374	-8.67e-06	0.448	-0.016
375	-8.66e-06	0.448	-0.016
376	-8.65e-06	0.448	-0.016
377	-8.64e-06	0.448	-0.016
378	-8.63e-06	0.448	-0.008
379	-8.619999999999999e-06	0.448	-0.016
380	-8.61e-06	0.448	-0.016
381	-8.599999999999999e-06	0.448	-0.016
382	-8.59e-06	0.448	-0.016
383	-8.58e-06	0.448	-0.016
384	-8.57e-06	0.448	-0.016
385	-8.56e-06	0.448	-0.008
386	-8.55e-06	0.448	-0.016
387	-8.54e-06	0.448	-0.016
388	-8.53e-06	0.448	-0.016
389	-8.52e-06	0.448	-0.016
390	-8.51e-06	0.448	-0.008
391	-8.5e-06	0.448	-0.016
392	-8.49e-06	0.448	-0.008
393	-8.48e-06	0.448	-0.016
394	-8.469999999999999e-06	0.448	-0.008
395	-8.46e-06	0.448	-0.016
396	-8.449999999999999e-06	0.448	-0.008
397	-8.44e-06	0.448	-0.008
398	-8.429999999999999e-06	0.448	-0.008
399	-8.42e-06	0.448	-0.008
400	-8.409999999999999e-06	0.448	-0.008
401	-8.400000000000001e-06	0.448	-0.008
402	-8.39e-06	0.448	-0.008
403	-8.38e-06	0.448	-0.016
404	-8.37e-06	0.448	-0.008
405	-8.36e-06	0.448	-0.008
406	-8.35e-06	0.448	-0.008
407	-8.34e-06	0.448	-0.008
408	-8.33e-06	0.448	-0.008
409	-8.32e-06	0.448	-0.008
410	-8.31e-06	0.448	-0.008
411	-8.299999999999998e-06	0.448	-0.008
412	-8.29e-06	0.448	-0.008
413	-8.279999999999999e-06	0.448	-0.008
414	-8.27e-06	0.448	-0.008
415	-8.259999999999999e-06	0.448	-0.008
416	-8.25e-06	0.448	-0.008
417	-8.239999999999999e-06	0.448	-0.008
418	-8.23e-06	0.448	-0.008
419	-8.22e-06	0.448	-0.008
420	-8.21e-06	0.448	-0.008
421	-8.2e-06	0.448	-0.008
422	-8.19e-06	0.448	-0.008
423	-8.18e-06	0.448	-0.008
424	-8.17e-06	0.448	-0.008
425	-8.16e-06	0.448	-0.008
426	-8.15e-06	0.448	-0.008
427	-8.14e-06	0.448	-0.008
428	-8.13e-06	0.448	-0.008
429	-8.12e-06	0.448	-0.008
430	-8.109999999999999e-06	0.448	-0.008
431	-8.1e-06	0.448	-0.008
432	-8.089999999999999e-06	0.448	-0.008
433	-8.08e-06	0.448	-0.008
434	-8.069999999999999e-06	0.448	-0.008
435	-8.06e-06	0.448	-0.008
436	-8.05e-06	0.448	-0.008
437	-8.04e-06	0.448	-0.008
438	-8.03e-06	0.448	-0.008
439	-8.02e-06	0.448	-0.008
440	-8.01e-06	0.448	-0.008
441	-8e-06	0.448	-0.008
442	-7.99e-06	0.448	-0.008
443	-7.98e-06	0.448	-0.008
444	-7.97e-06	0.448	-0.008
445	-7.96e-06	0.448	0.0
446	-7.95e-06	0.448	-0.008
447	-7.939999999999999e-06	0.448	-0.008
448	-7.93e-06	0.448	0.0
449	-7.919999999999999e-06	0.448	0.0
450	-7.91e-06	0.448	-0.008
451	-7.899999999999999e-06	0.448	-0.008
452	-7.89e-06	0.448	0.0
453	-7.879999999999999e-06	0.448	0.0
454	-7.870000000000001e-06	0.448	0.0
455	-7.86e-06	0.448	0.0
456	-7.85e-06	0.448	0.0
457	-7.84e-06	0.448	-0.008
458	-7.83e-06	0.448	0.0
459	-7.82e-06	0.448	0.0
460	-7.81e-06	0.448	0.0
461	-7.8e-06	0.448	0.0
462	-7.79e-06	0.448	0.0
463	-7.78e-06	0.448	0.0
464	-7.769999999999998e-06	0.448	0.0
465	-7.76e-06	0.448	0.0
466	-7.749999999999999e-06	0.448	0.0
467	-7.74e-06	0.448	0.0
468	-7.729999999999999e-06	0.448	0.0
469	-7.72e-06	0.448	0.0
470	-7.709999999999999e-06	0.448	0.0
471	-7.7e-06	0.448	0.0
472	-7.69e-06	0.448	0.0
473	-7.68e-06	0.448	0.0
474	-7.67e-06	0.448	0.0
475	-7.66e-06	0.448	0.0
476	-7.65e-06	0.448	0.0
477	-7.64e-06	0.448	0.0
478	-7.63e-06	0.448	0.0
479	-7.62e-06	0.448	0.0
480	-7.61e-06	0.448	0.0
481	-7.6e-06	0.448	0.0
482	-7.589999999999999e-06	0.448	0.0
483	-7.5799999999999994e-06	0.448	0.0
484	-7.5699999999999995e-06	0.448	0.0
485	-7.56e-06	0.448	0.0
486	-7.55e-06	0.448	0.0
487	-7.54e-06	0.448	0.0
488	-7.53e-06	0.448	0.0
489	-7.52e-06	0.448	0.0
490	-7.509999999999999e-06	0.448	0.0
491	-7.499999999999999e-06	0.448	0.0
492	-7.4899999999999994e-06	0.448	0.0
493	-7.4799999999999995e-06	0.448	0.008
494	-7.47e-06	0.448	0.0
495	-7.46e-06	0.448	0.0
496	-7.45e-06	0.448	0.008
497	-7.44e-06	0.448	0.008
498	-7.43e-06	0.448	0.0
499	-7.419999999999999e-06	0.448	0.008
500	-7.409999999999999e-06	0.448	0.0
501	-7.3999999999999995e-06	0.448	0.0
502	-7.3899999999999995e-06	0.448	0.0
503	-7.38e-06	0.448	0.0
504	-7.37e-06	0.448	0.008
505	-7.36e-06	0.448	0.0
506	-7.35e-06	0.448	0.0
507	-7.34e-06	0.448	0.0
508	-7.329999999999999e-06	0.448	0.0
509	-7.319999999999999e-06	0.448	0.008
510	-7.3099999999999995e-06	0.448	0.008
511	-7.2999999999999996e-06	0.448	0.0
512	-7.29e-06	0.448	0.008
513	-7.28e-06	0.448	0.008
514	-7.27e-06	0.448	0.008
515	-7.26e-06	0.448	0.008
516	-7.25e-06	0.448	0.0
517	-7.239999999999999e-06	0.448	0.0
518	-7.229999999999999e-06	0.448	0.008
519	-7.2199999999999995e-06	0.448	0.008
520	-7.21e-06	0.448	0.008
521	-7.2e-06	0.448	0.008
522	-7.19e-06	0.448	0.008
523	-7.18e-06	0.448	0.008
524	-7.17e-06	0.448	0.008
525	-7.16e-06	0.448	0.008
526	-7.149999999999999e-06	0.448	0.008
527	-7.139999999999999e-06	0.448	0.008
528	-7.1299999999999995e-06	0.448	0.008
529	-7.12e-06	0.448	0.008
530	-7.11e-06	0.448	0.008
531	-7.1e-06	0.448	0.008
532	-7.09e-06	0.448	0.008
533	-7.08e-06	0.448	0.008
534	-7.07e-06	0.448	0.008
535	-7.059999999999999e-06	0.448	0.008
536	-7.049999999999999e-06	0.448	0.008
537	-7.0399999999999995e-06	0.448	0.008
538	-7.03e-06	0.448	0.008
539	-7.02e-06	0.448	0.008
540	-7.01e-06	0.448	0.008
541	-7e-06	0.448	0.008
542	-6.99e-06	0.448	0.008
543	-6.979999999999999e-06	0.448	0.008
544	-6.969999999999999e-06	0.448	0.008
545	-6.9599999999999994e-06	0.448	0.008
546	-6.9499999999999995e-06	0.448	0.008
547	-6.94e-06	0.448	0.008
548	-6.93e-06	0.448	0.008
549	-6.92e-06	0.448	0.008
550	-6.91e-06	0.448	0.008
551	-6.9e-06	0.448	0.008
552	-6.889999999999999e-06	0.448	0.008
553	-6.879999999999999e-06	0.448	0.008
554	-6.8699999999999994e-06	0.448	0.008
555	-6.8599999999999995e-06	0.448	0.008
556	-6.85e-06	0.448	0.008
557	-6.84e-06	0.448	0.016
558	-6.83e-06	0.448	0.008
559	-6.82e-06	0.448	0.008
560	-6.81e-06	0.448	0.008
561	-6.799999999999999e-06	0.448	0.008
562	-6.789999999999999e-06	0.448	0.016
563	-6.7799999999999995e-06	0.448	0.008
564	-6.7699999999999996e-06	0.448	0.008
565	-6.76e-06	0.448	0.016
566	-6.75e-06	0.448	0.008
567	-6.74e-06	0.448	0.016
568	-6.73e-06	0.448	0.008
569	-6.72e-06	0.448	0.016
570	-6.709999999999999e-06	0.448	0.016
571	-6.699999999999999e-06	0.448	0.016
572	-6.6899999999999995e-06	0.456	0.016
573	-6.6799999999999996e-06	0.448	0.016
574	-6.67e-06	0.448	0.016
575	-6.66e-06	0.448	0.016
576	-6.65e-06	0.448	0.016
577	-6.64e-06	0.448	0.016
578	-6.63e-06	0.448	0.016
579	-6.619999999999999e-06	0.448	0.016
580	-6.609999999999999e-06	0.448	0.016
581	-6.5999999999999995e-06	0.448	0.016
582	-6.59e-06	0.448	0.016
583	-6.58e-06	0.448	0.016
584	-6.57e-06	0.448	0.016
585	-6.56e-06	0.448	0.016
586	-6.55e-06	0.448	0.016
587	-6.54e-06	0.448	0.016
588	-6.529999999999999e-06	0.448	0.016
589	-6.519999999999999e-06	0.448	0.016
590	-6.5099999999999995e-06	0.448	0.016
591	-6.5e-06	0.448	0.016
592	-6.49e-06	0.448	0.016
593	-6.48e-06	0.448	0.016
594	-6.47e-06	0.448	0.016
595	-6.46e-06	0.448	0.016
596	-6.449999999999999e-06	0.448	0.016
597	-6.439999999999999e-06	0.448	0.016
598	-6.429999999999999e-06	0.448	0.016
599	-6.4199999999999995e-06	0.448	0.016
600	-6.41e-06	0.448	0.016
601	-6.4e-06	0.448	0.016
602	-6.39e-06	0.448	0.016
603	-6.38e-06	0.448	0.016
604	-6.37e-06	0.448	0.016
605	-6.359999999999999e-06	0.448	0.016
606	-6.349999999999999e-06	0.448	0.016
607	-6.3399999999999994e-06	0.448	0.016
608	-6.3299999999999995e-06	0.448	0.016
609	-6.32e-06	0.448	0.016
610	-6.31e-06	0.448	0.016
611	-6.3e-06	0.448	0.016
612	-6.29e-06	0.448	0.016
613	-6.28e-06	0.448	0.016
614	-6.269999999999999e-06	0.448	0.016
615	-6.259999999999999e-06	0.448	0.016
616	-6.2499999999999995e-06	0.448	0.016
617	-6.2399999999999995e-06	0.448	0.016
618	-6.23e-06	0.448	0.016
619	-6.22e-06	0.448	0.016
620	-6.21e-06	0.448	0.016
621	-6.2e-06	0.448	0.016
622	-6.19e-06	0.448	0.024
623	-6.179999999999999e-06	0.448	0.016
624	-6.169999999999999e-06	0.448	0.024
625	-6.1599999999999995e-06	0.448	0.016
626	-6.1499999999999996e-06	0.448	0.024
627	-6.14e-06	0.448	0.024
628	-6.13e-06	0.448	0.024
629	-6.12e-06	0.448	0.016
630	-6.11e-06	0.448	0.024
631	-6.1e-06	0.448	0.016
632	-6.089999999999999e-06	0.448	0.016
633	-6.079999999999999e-06	0.448	0.024
634	-6.0699999999999995e-06	0.448	0.024
635	-6.06e-06	0.448	0.024
636	-6.05e-06	0.448	0.024
637	-6.04e-06	0.448	0.024
638	-6.03e-06	0.448	0.016
639	-6.02e-06	0.448	0.024
640	-6.01e-06	0.448	0.024
641	-5.999999999999999e-06	0.448	0.024
642	-5.989999999999999e-06	0.448	0.024
643	-5.9799999999999995e-06	0.448	0.024
644	-5.97e-06	0.448	0.024
645	-5.96e-06	0.448	0.024
646	-5.95e-06	0.448	0.024
647	-5.94e-06	0.448	0.024
648	-5.93e-06	0.448	0.024
649	-5.919999999999999e-06	0.448	0.024
650	-5.909999999999999e-06	0.448	0.024
651	-5.899999999999999e-06	0.456	0.024
652	-5.8899999999999995e-06	0.448	0.024
653	-5.88e-06	0.448	0.024
654	-5.87e-06	0.448	0.024
655	-5.86e-06	0.448	0.024
656	-5.85e-06	0.448	0.024
657	-5.84e-06	0.448	0.024
658	-5.829999999999999e-06	0.448	0.024
659	-5.819999999999999e-06	0.448	0.024
660	-5.8099999999999994e-06	0.448	0.024
661	-5.7999999999999995e-06	0.448	0.024
662	-5.79e-06	0.448	0.024
663	-5.78e-06	0.448	0.024
664	-5.77e-06	0.448	0.024
665	-5.76e-06	0.448	0.024
666	-5.75e-06	0.448	0.024
667	-5.739999999999999e-06	0.448	0.024
668	-5.729999999999999e-06	0.448	0.024
669	-5.7199999999999994e-06	0.448	0.024
670	-5.7099999999999995e-06	0.448	0.024
671	-5.7e-06	0.448	0.032
672	-5.69e-06	0.448	0.032
673	-5.68e-06	0.448	0.024
674	-5.67e-06	0.448	0.024
675	-5.66e-06	0.448	0.032
676	-5.649999999999999e-06	0.448	0.024
677	-5.639999999999999e-06	0.448	0.024
678	-5.6299999999999995e-06	0.448	0.024
679	-5.6199999999999996e-06	0.448	0.024
680	-5.61e-06	0.448	0.032
681	-5.6e-06	0.448	0.024
682	-5.59e-06	0.448	0.032
683	-5.58e-06	0.448	0.024
684	-5.57e-06	0.448	0.024
685	-5.559999999999999e-06	0.448	0.024
686	-5.549999999999999e-06	0.448	0.024
687	-5.5399999999999995e-06	0.448	0.032
688	-5.5299999999999996e-06	0.448	0.032
689	-5.52e-06	0.448	0.032
690	-5.51e-06	0.448	0.032
691	-5.5e-06	0.448	0.032
692	-5.49e-06	0.448	0.032
693	-5.479999999999999e-06	0.448	0.032
694	-5.469999999999999e-06	0.448	0.032
695	-5.459999999999999e-06	0.448	0.032
696	-5.4499999999999995e-06	0.448	0.032
697	-5.44e-06	0.448	0.032
698	-5.43e-06	0.448	0.032
699	-5.42e-06	0.448	0.032
700	-5.41e-06	0.448	0.032
701	-5.4e-06	0.448	0.032
702	-5.389999999999999e-06	0.448	0.032
703	-5.379999999999999e-06	0.448	0.032
704	-5.369999999999999e-06	0.448	0.032
705	-5.3599999999999995e-06	0.448	0.032
706	-5.35e-06	0.448	0.032
707	-5.34e-06	0.448	0.032
708	-5.33e-06	0.448	0.032
709	-5.32e-06	0.448	0.032
710	-5.31e-06	0.448	0.032
711	-5.299999999999999e-06	0.448	0.032
712	-5.289999999999999e-06	0.448	0.032
713	-5.279999999999999e-06	0.448	0.032
714	-5.2699999999999995e-06	0.448	0.032
715	-5.26e-06	0.448	0.032
716	-5.25e-06	0.448	0.032
717	-5.24e-06	0.448	0.032
718	-5.23e-06	0.448	0.032
719	-5.22e-06	0.448	0.032
720	-5.209999999999999e-06	0.448	0.032
721	-5.199999999999999e-06	0.448	0.032
722	-5.1899999999999994e-06	0.448	0.032
723	-5.1799999999999995e-06	0.448	0.032
724	-5.17e-06	0.448	0.032
725	-5.16e-06	0.448	0.032
726	-5.15e-06	0.448	0.032
727	-5.14e-06	0.448	0.032
728	-5.13e-06	0.448	0.032
729	-5.119999999999999e-06	0.448	0.032
730	-5.109999999999999e-06	0.448	0.032
731	-5.0999999999999995e-06	0.448	0.032
732	-5.0899999999999995e-06	0.448	0.032
733	-5.08e-06	0.448	0.032
734	-5.07e-06	0.448	0.032
735	-5.06e-06	0.448	0.032
736	-5.05e-06	0.448	0.032
737	-5.04e-06	0.448	0.032
738	-5.029999999999999e-06	0.448	0.032
739	-5.019999999999999e-06	0.448	0.032
740	-5.0099999999999995e-06	0.448	0.032
741	-4.9999999999999996e-06	0.448	0.032
742	-4.99e-06	0.448	0.04
743	-4.98e-06	0.448	0.04
744	-4.97e-06	0.448	0.04
745	-4.96e-06	0.272	0.032
746	-4.949999999999999e-06	-0.384	0.016
747	-4.939999999999999e-06	-0.592	0.04
748	-4.929999999999999e-06	-0.5680000000000001	0.07200000000000001
749	-4.9199999999999995e-06	-0.584	0.016
750	-4.91e-06	-0.496	0.008
751	-4.9e-06	-0.44	0.048
752	-4.89e-06	-0.47200000000000003	0.056
753	-4.88e-06	-0.496	0.016
754	-4.87e-06	-0.47200000000000003	0.024
755	-4.859999999999999e-06	-0.424	0.048
756	-4.849999999999999e-06	-0.432	0.04
757	-4.839999999999999e-06	-0.47200000000000003	0.032
758	-4.8299999999999995e-06	-0.448	0.024
759	-4.82e-06	-0.41600000000000004	0.04
760	-4.81e-06	-0.44	0.04
761	-4.8e-06	-0.456	0.024
762	-4.79e-06	-0.44	0.032
763	-4.78e-06	-0.424	0.04
764	-4.77e-06	-0.44	0.032
765	-4.76e-06	-0.448	0.032
766	-4.75e-06	-0.432	0.04
767	-4.74e-06	-0.432	0.032
768	-4.729999999999999e-06	-0.44	0.032
769	-4.719999999999999e-06	-0.44	0.032
770	-4.709999999999999e-06	-0.432	0.032
771	-4.699999999999999e-06	-0.432	0.04
772	-4.689999999999999e-06	-0.44	0.032
773	-4.679999999999999e-06	-0.44	0.032
774	-4.669999999999999e-06	-0.432	0.04
775	-4.6599999999999994e-06	-0.432	0.032
776	-4.6499999999999995e-06	-0.44	0.032
777	-4.64e-06	-0.44	0.032
778	-4.63e-06	-0.432	0.032
779	-4.62e-06	-0.44	0.032
780	-4.61e-06	-0.44	0.032
781	-4.6e-06	-0.44	0.032
782	-4.59e-06	-0.44	0.032
783	-4.58e-06	-0.44	0.032
784	-4.57e-06	-0.44	0.032
785	-4.56e-06	-0.44	0.032
786	-4.549999999999999e-06	-0.44	0.032
787	-4.539999999999999e-06	-0.44	0.032
788	-4.529999999999999e-06	-0.44	0.032
789	-4.519999999999999e-06	-0.44	0.032
790	-4.509999999999999e-06	-0.44	0.032
791	-4.499999999999999e-06	-0.44	0.032
792	-4.489999999999999e-06	-0.44	0.032
793	-4.4799999999999995e-06	-0.44	0.032
794	-4.4699999999999996e-06	-0.44	0.032
795	-4.46e-06	-0.44	0.032
796	-4.45e-06	-0.44	0.032
797	-4.44e-06	-0.44	0.032
798	-4.43e-06	-0.44	0.024
799	-4.42e-06	-0.44	0.024
800	-4.41e-06	-0.44	0.032
801	-4.4e-06	-0.44	0.032
802	-4.39e-06	-0.44	0.024
803	-4.38e-06	-0.44	0.024
804	-4.369999999999999e-06	-0.44	0.024
805	-4.359999999999999e-06	-0.44	0.024
806	-4.349999999999999e-06	-0.44	0.032
807	-4.339999999999999e-06	-0.44	0.024
808	-4.329999999999999e-06	-0.44	0.024
809	-4.319999999999999e-06	-0.44	0.024
810	-4.309999999999999e-06	-0.44	0.032
811	-4.2999999999999995e-06	-0.44	0.032
812	-4.29e-06	-0.432	0.024
813	-4.28e-06	-0.44	0.024
814	-4.27e-06	-0.44	0.024
815	-4.26e-06	-0.44	0.024
816	-4.25e-06	-0.44	0.024
817	-4.24e-06	-0.44	0.024
818	-4.23e-06	-0.44	0.024
819	-4.22e-06	-0.44	0.024
820	-4.21e-06	-0.44	0.024
821	-4.199999999999999e-06	-0.44	0.024
822	-4.189999999999999e-06	-0.44	0.024
823	-4.179999999999999e-06	-0.44	0.024
824	-4.169999999999999e-06	-0.44	0.024
825	-4.159999999999999e-06	-0.44	0.024
826	-4.149999999999999e-06	-0.44	0.024
827	-4.139999999999999e-06	-0.432	0.024
828	-4.129999999999999e-06	-0.44	0.024
829	-4.1199999999999995e-06	-0.44	0.024
830	-4.11e-06	-0.44	0.024
831	-4.1e-06	-0.44	0.024
832	-4.09e-06	-0.44	0.024
833	-4.08e-06	-0.44	0.024
834	-4.07e-06	-0.44	0.024
835	-4.06e-06	-0.44	0.024
836	-4.05e-06	-0.44	0.024
837	-4.04e-06	-0.432	0.024
838	-4.03e-06	-0.44	0.024
839	-4.019999999999999e-06	-0.432	0.024
840	-4.009999999999999e-06	-0.44	0.024
841	-3.999999999999999e-06	-0.44	0.024
842	-3.989999999999999e-06	-0.44	0.024
843	-3.979999999999999e-06	-0.432	0.024
844	-3.969999999999999e-06	-0.432	0.024
845	-3.959999999999999e-06	-0.44	0.024
846	-3.9499999999999995e-06	-0.432	0.024
847	-3.9399999999999995e-06	-0.44	0.024
848	-3.93e-06	-0.44	0.024
849	-3.92e-06	-0.432	0.024
850	-3.91e-06	-0.44	0.024
851	-3.9e-06	-0.44	0.024
852	-3.89e-06	-0.44	0.024
853	-3.88e-06	-0.44	0.024
854	-3.87e-06	-0.44	0.024
855	-3.86e-06	-0.44	0.024
856	-3.85e-06	-0.44	0.024
857	-3.839999999999999e-06	-0.432	0.024
858	-3.829999999999999e-06	-0.432	0.016
859	-3.819999999999999e-06	-0.44	0.024
860	-3.809999999999999e-06	-0.44	0.016
861	-3.799999999999999e-06	-0.432	0.024
862	-3.7899999999999993e-06	-0.44	0.016
863	-3.7799999999999994e-06	-0.44	0.016
864	-3.7699999999999995e-06	-0.44	0.024
865	-3.7599999999999996e-06	-0.432	0.016
866	-3.7499999999999997e-06	-0.44	0.016
867	-3.7399999999999998e-06	-0.44	0.016
868	-3.73e-06	-0.44	0.016
869	-3.72e-06	-0.44	0.016
870	-3.71e-06	-0.432	0.024
871	-3.7e-06	-0.432	0.016
872	-3.6900000000000002e-06	-0.44	0.016
873	-3.6800000000000003e-06	-0.44	0.024
874	-3.6699999999999987e-06	-0.44	0.016
875	-3.659999999999999e-06	-0.432	0.016
876	-3.649999999999999e-06	-0.44	0.016
877	-3.639999999999999e-06	-0.44	0.016
878	-3.629999999999999e-06	-0.44	0.016
879	-3.6199999999999992e-06	-0.44	0.016
880	-3.6099999999999993e-06	-0.44	0.016
881	-3.5999999999999994e-06	-0.44	0.016
882	-3.5899999999999995e-06	-0.44	0.016
883	-3.5799999999999996e-06	-0.44	0.016
884	-3.5699999999999997e-06	-0.44	0.016
885	-3.56e-06	-0.44	0.016
886	-3.55e-06	-0.44	0.016
887	-3.54e-06	-0.44	0.016
888	-3.53e-06	-0.44	0.016
889	-3.52e-06	-0.44	0.016
890	-3.5100000000000003e-06	-0.44	0.016
891	-3.5000000000000004e-06	-0.44	0.016
892	-3.4899999999999988e-06	-0.432	0.016
893	-3.479999999999999e-06	-0.44	0.016
894	-3.469999999999999e-06	-0.44	0.016
895	-3.459999999999999e-06	-0.44	0.016
896	-3.449999999999999e-06	-0.44	0.016
897	-3.4399999999999993e-06	-0.44	0.016
898	-3.4299999999999993e-06	-0.44	0.016
899	-3.4199999999999994e-06	-0.44	0.016
900	-3.4099999999999995e-06	-0.44	0.016
901	-3.3999999999999996e-06	-0.44	0.016
902	-3.3899999999999997e-06	-0.432	0.016
903	-3.38e-06	-0.44	0.016
904	-3.37e-06	-0.44	0.016
905	-3.36e-06	-0.44	0.016
906	-3.35e-06	-0.44	0.008
907	-3.34e-06	-0.44	0.016
908	-3.3300000000000003e-06	-0.44	0.016
909	-3.3200000000000004e-06	-0.44	0.016
910	-3.309999999999999e-06	-0.44	0.016
911	-3.299999999999999e-06	-0.44	0.008
912	-3.289999999999999e-06	-0.44	0.016
913	-3.279999999999999e-06	-0.44	0.008
914	-3.269999999999999e-06	-0.44	0.008
915	-3.2599999999999993e-06	-0.44	0.008
916	-3.2499999999999994e-06	-0.44	0.008
917	-3.2399999999999995e-06	-0.44	0.008
918	-3.2299999999999996e-06	-0.44	0.008
919	-3.2199999999999997e-06	-0.44	0.008
920	-3.2099999999999998e-06	-0.44	0.008
921	-3.2e-06	-0.44	0.008
922	-3.19e-06	-0.44	0.008
923	-3.18e-06	-0.44	0.008
924	-3.17e-06	-0.44	0.008
925	-3.1600000000000002e-06	-0.44	0.008
926	-3.1500000000000003e-06	-0.44	0.008
927	-3.1399999999999987e-06	-0.44	0.008
928	-3.129999999999999e-06	-0.44	0.008
929	-3.119999999999999e-06	-0.44	0.008
930	-3.109999999999999e-06	-0.432	0.008
931	-3.099999999999999e-06	-0.432	0.008
932	-3.0899999999999992e-06	-0.44	0.008
933	-3.0799999999999993e-06	-0.44	0.008
934	-3.0699999999999994e-06	-0.44	0.008
935	-3.0599999999999995e-06	-0.44	0.008
936	-3.0499999999999996e-06	-0.432	0.008
937	-3.0399999999999997e-06	-0.44	0.008
938	-3.03e-06	-0.44	0.008
939	-3.02e-06	-0.44	0.008
940	-3.01e-06	-0.432	0.008
941	-3e-06	-0.44	0.008
942	-2.99e-06	-0.44	0.008
943	-2.9800000000000003e-06	-0.44	0.008
944	-2.9700000000000004e-06	-0.44	0.008
945	-2.9599999999999988e-06	-0.44	0.008
946	-2.949999999999999e-06	-0.44	0.008
947	-2.939999999999999e-06	-0.44	0.008
948	-2.929999999999999e-06	-0.44	0.008
949	-2.919999999999999e-06	-0.432	0.008
950	-2.9099999999999992e-06	-0.432	0.008
951	-2.8999999999999993e-06	-0.432	0.008
952	-2.8899999999999994e-06	-0.432	0.008
953	-2.8799999999999995e-06	-0.44	0.008
954	-2.8699999999999996e-06	-0.44	0.008
955	-2.8599999999999997e-06	-0.44	0.008
956	-2.85e-06	-0.44	0.008
957	-2.84e-06	-0.44	0.008
958	-2.83e-06	-0.44	0.008
959	-2.82e-06	-0.432	0.008
960	-2.81e-06	-0.44	0.008
961	-2.8000000000000003e-06	-0.44	0.008
962	-2.7900000000000004e-06	-0.432	0.008
963	-2.779999999999999e-06	-0.44	0.008
964	-2.769999999999999e-06	-0.44	0.0
965	-2.759999999999999e-06	-0.44	0.008
966	-2.749999999999999e-06	-0.44	0.0
967	-2.739999999999999e-06	-0.44	0.008
968	-2.7299999999999993e-06	-0.44	0.008
969	-2.7199999999999994e-06	-0.432	0.008
970	-2.7099999999999995e-06	-0.432	0.008
971	-2.6999999999999996e-06	-0.44	0.0
972	-2.6899999999999997e-06	-0.44	0.008
973	-2.6799999999999998e-06	-0.44	0.0
974	-2.67e-06	-0.432	0.0
975	-2.66e-06	-0.44	0.008
976	-2.65e-06	-0.44	0.0
977	-2.64e-06	-0.44	0.0
978	-2.6300000000000002e-06	-0.44	0.0
979	-2.6200000000000003e-06	-0.44	0.0
980	-2.6099999999999987e-06	-0.44	0.0
981	-2.599999999999999e-06	-0.44	0.0
982	-2.589999999999999e-06	-0.44	0.0
983	-2.579999999999999e-06	-0.44	0.0
984	-2.569999999999999e-06	-0.44	0.0
985	-2.559999999999999e-06	-0.44	0.0
986	-2.5499999999999993e-06	-0.44	0.0
987	-2.5399999999999994e-06	-0.44	0.0
988	-2.5299999999999995e-06	-0.44	0.0
989	-2.5199999999999996e-06	-0.44	0.0
990	-2.5099999999999997e-06	-0.44	0.0
991	-2.4999999999999998e-06	-0.44	0.0
992	-2.49e-06	-0.44	0.0
993	-2.48e-06	-0.44	0.0
994	-2.47e-06	-0.44	0.0
995	-2.46e-06	-0.44	0.0
996	-2.4500000000000003e-06	-0.44	0.0
997	-2.4400000000000004e-06	-0.44	0.0
998	-2.4299999999999988e-06	-0.44	0.0
999	-2.419999999999999e-06	-0.44	0.0
1000	-2.409999999999999e-06	-0.44	0.0
1001	-2.399999999999999e-06	-0.44	0.0
1002	-2.389999999999999e-06	-0.44	0.0
1003	-2.3799999999999992e-06	-0.44	0.0
1004	-2.3699999999999993e-06	-0.44	0.0
1005	-2.3599999999999994e-06	-0.44	0.0
1006	-2.3499999999999995e-06	-0.44	0.0
1007	-2.3399999999999996e-06	-0.44	0.0
1008	-2.3299999999999997e-06	-0.44	0.0
1009	-2.32e-06	-0.44	0.0
1010	-2.31e-06	-0.44	0.0
1011	-2.3e-06	-0.44	0.0
1012	-2.29e-06	-0.44	-0.008
1013	-2.28e-06	-0.44	0.0
1014	-2.2700000000000003e-06	-0.44	0.0
1015	-2.2600000000000004e-06	-0.44	0.0
1016	-2.2499999999999988e-06	-0.44	0.0
1017	-2.239999999999999e-06	-0.44	0.0
1018	-2.229999999999999e-06	-0.44	0.0
1019	-2.219999999999999e-06	-0.44	0.0
1020	-2.209999999999999e-06	-0.44	-0.008
1021	-2.1999999999999993e-06	-0.44	-0.008
1022	-2.1899999999999994e-06	-0.44	0.0
1023	-2.1799999999999995e-06	-0.44	0.0
1024	-2.1699999999999996e-06	-0.44	0.0
1025	-2.1599999999999996e-06	-0.44	-0.008
1026	-2.1499999999999997e-06	-0.44	-0.008
1027	-2.14e-06	-0.44	-0.008
1028	-2.13e-06	-0.44	0.0
1029	-2.12e-06	-0.44	-0.008
1030	-2.11e-06	-0.44	-0.008
1031	-2.1000000000000002e-06	-0.44	-0.008
1032	-2.0900000000000003e-06	-0.44	-0.008
1033	-2.0799999999999987e-06	-0.44	-0.008
1034	-2.069999999999999e-06	-0.44	0.0
1035	-2.059999999999999e-06	-0.432	-0.008
1036	-2.049999999999999e-06	-0.44	-0.008
1037	-2.039999999999999e-06	-0.44	-0.008
1038	-2.029999999999999e-06	-0.44	-0.008
1039	-2.0199999999999993e-06	-0.44	-0.008
1040	-2.0099999999999994e-06	-0.44	-0.008
1041	-1.9999999999999995e-06	-0.44	-0.008
1042	-1.9899999999999996e-06	-0.44	-0.008
1043	-1.9799999999999997e-06	-0.44	-0.008
1044	-1.9699999999999998e-06	-0.44	-0.008
1045	-1.96e-06	-0.44	-0.008
1046	-1.95e-06	-0.44	-0.008
1047	-1.94e-06	-0.44	-0.008
1048	-1.93e-06	-0.432	-0.008
1049	-1.9200000000000003e-06	-0.44	-0.008
1050	-1.9100000000000003e-06	-0.44	-0.008
1051	-1.8999999999999987e-06	-0.44	-0.008
1052	-1.8899999999999988e-06	-0.44	-0.008
1053	-1.879999999999999e-06	-0.44	-0.008
1054	-1.869999999999999e-06	-0.44	-0.008
1055	-1.8599999999999991e-06	-0.432	-0.008
1056	-1.8499999999999992e-06	-0.44	-0.008
1057	-1.8399999999999993e-06	-0.44	-0.008
1058	-1.8299999999999994e-06	-0.432	-0.008
1059	-1.8199999999999995e-06	-0.44	-0.008
1060	-1.8099999999999996e-06	-0.44	-0.008
1061	-1.7999999999999997e-06	-0.44	-0.008
1062	-1.7899999999999998e-06	-0.44	-0.008
1063	-1.78e-06	-0.44	-0.008
1064	-1.77e-06	-0.44	-0.008
1065	-1.76e-06	-0.44	-0.008
1066	-1.7500000000000002e-06	-0.44	-0.008
1067	-1.7400000000000003e-06	-0.44	-0.008
1068	-1.7300000000000004e-06	-0.44	-0.008
1069	-1.7199999999999988e-06	-0.44	-0.008
1070	-1.7099999999999989e-06	-0.44	-0.008
1071	-1.699999999999999e-06	-0.44	-0.008
1072	-1.689999999999999e-06	-0.44	-0.008
1073	-1.6799999999999992e-06	-0.44	-0.008
1074	-1.6699999999999993e-06	-0.44	-0.008
1075	-1.6599999999999994e-06	-0.44	-0.008
1076	-1.6499999999999994e-06	-0.44	-0.008
1077	-1.6399999999999995e-06	-0.44	-0.008
1078	-1.6299999999999996e-06	-0.44	-0.008
1079	-1.6199999999999997e-06	-0.44	-0.016
1080	-1.6099999999999998e-06	-0.44	-0.008
1081	-1.6e-06	-0.44	-0.016
1082	-1.59e-06	-0.44	-0.008
1083	-1.5800000000000001e-06	-0.44	-0.008
1084	-1.5700000000000002e-06	-0.44	-0.008
1085	-1.5600000000000003e-06	-0.44	-0.008
1086	-1.5499999999999987e-06	-0.44	-0.016
1087	-1.5399999999999988e-06	-0.44	-0.008
1088	-1.529999999999999e-06	-0.44	-0.016
1089	-1.519999999999999e-06	-0.44	-0.008
1090	-1.509999999999999e-06	-0.44	-0.008
1091	-1.4999999999999992e-06	-0.44	-0.008
1092	-1.4899999999999993e-06	-0.44	-0.016
1093	-1.4799999999999994e-06	-0.44	-0.016
1094	-1.4699999999999995e-06	-0.44	-0.016
1095	-1.4599999999999996e-06	-0.44	-0.016
1096	-1.4499999999999997e-06	-0.44	-0.016
1097	-1.4399999999999998e-06	-0.44	-0.016
1098	-1.4299999999999999e-06	-0.44	-0.016
1099	-1.42e-06	-0.44	-0.016
1100	-1.41e-06	-0.44	-0.016
1101	-1.4000000000000001e-06	-0.44	-0.016
1102	-1.3900000000000002e-06	-0.44	-0.016
1103	-1.3800000000000003e-06	-0.44	-0.016
1104	-1.3699999999999987e-06	-0.44	-0.016
1105	-1.3599999999999988e-06	-0.44	-0.016
1106	-1.349999999999999e-06	-0.44	-0.016
1107	-1.339999999999999e-06	-0.44	-0.016
1108	-1.3299999999999991e-06	-0.44	-0.016
1109	-1.3199999999999992e-06	-0.44	-0.016
1110	-1.3099999999999993e-06	-0.44	-0.016
1111	-1.2999999999999994e-06	-0.44	-0.016
1112	-1.2899999999999995e-06	-0.44	-0.016
1113	-1.2799999999999996e-06	-0.44	-0.016
1114	-1.2699999999999997e-06	-0.44	-0.016
1115	-1.2599999999999998e-06	-0.44	-0.016
1116	-1.2499999999999999e-06	-0.44	-0.016
1117	-1.24e-06	-0.44	-0.016
1118	-1.23e-06	-0.44	-0.016
1119	-1.2200000000000002e-06	-0.44	-0.016
1120	-1.2100000000000003e-06	-0.44	-0.016
1121	-1.2000000000000004e-06	-0.44	-0.016
1122	-1.1899999999999988e-06	-0.44	-0.016
1123	-1.1799999999999989e-06	-0.44	-0.016
1124	-1.169999999999999e-06	-0.44	-0.016
1125	-1.159999999999999e-06	-0.44	-0.016
1126	-1.1499999999999992e-06	-0.44	-0.016
1127	-1.1399999999999992e-06	-0.44	-0.016
1128	-1.1299999999999993e-06	-0.44	-0.016
1129	-1.1199999999999994e-06	-0.44	-0.016
1130	-1.1099999999999995e-06	-0.44	-0.016
1131	-1.0999999999999996e-06	-0.44	-0.016
1132	-1.0899999999999997e-06	-0.44	-0.016
1133	-1.0799999999999998e-06	-0.44	-0.016
1134	-1.07e-06	-0.44	-0.016
1135	-1.06e-06	-0.44	-0.016
1136	-1.0500000000000001e-06	-0.44	-0.016
1137	-1.0400000000000002e-06	-0.44	-0.016
1138	-1.0300000000000003e-06	-0.44	-0.016
1139	-1.0199999999999987e-06	-0.44	-0.016
1140	-1.0099999999999988e-06	-0.44	-0.024
1141	-9.99999999999999e-07	-0.44	-0.016
1142	-9.89999999999999e-07	-0.44	-0.024
1143	-9.79999999999999e-07	-0.44	-0.024
1144	-9.699999999999992e-07	-0.44	-0.016
1145	-9.599999999999993e-07	-0.44	-0.016
1146	-9.499999999999994e-07	-0.44	-0.016
1147	-9.399999999999995e-07	-0.44	-0.016
1148	-9.299999999999996e-07	-0.44	-0.016
1149	-9.199999999999997e-07	-0.44	-0.024
1150	-9.099999999999998e-07	-0.44	-0.024
1151	-8.999999999999999e-07	-0.44	-0.024
1152	-8.9e-07	-0.44	-0.016
1153	-8.8e-07	-0.44	-0.024
1154	-8.700000000000001e-07	-0.432	-0.024
1155	-8.600000000000002e-07	-0.44	-0.016
1156	-8.500000000000003e-07	-0.44	-0.024
1157	-8.399999999999987e-07	-0.44	-0.016
1158	-8.299999999999988e-07	-0.44	-0.016
1159	-8.199999999999989e-07	-0.44	-0.024
1160	-8.09999999999999e-07	-0.44	-0.024
1161	-7.999999999999991e-07	-0.44	-0.024
1162	-7.899999999999992e-07	-0.44	-0.024
1163	-7.799999999999993e-07	-0.44	-0.024
1164	-7.699999999999994e-07	-0.44	-0.024
1165	-7.599999999999995e-07	-0.44	-0.024
1166	-7.499999999999996e-07	-0.44	-0.024
1167	-7.399999999999997e-07	-0.44	-0.024
1168	-7.299999999999998e-07	-0.44	-0.024
1169	-7.199999999999999e-07	-0.44	-0.024
1170	-7.1e-07	-0.44	-0.024
1171	-7.000000000000001e-07	-0.44	-0.024
1172	-6.900000000000002e-07	-0.44	-0.024
1173	-6.800000000000003e-07	-0.44	-0.024
1174	-6.700000000000004e-07	-0.44	-0.024
1175	-6.599999999999988e-07	-0.44	-0.024
1176	-6.499999999999989e-07	-0.44	-0.024
1177	-6.39999999999999e-07	-0.44	-0.024
1178	-6.29999999999999e-07	-0.44	-0.024
1179	-6.199999999999991e-07	-0.44	-0.024
1180	-6.099999999999992e-07	-0.44	-0.024
1181	-5.999999999999993e-07	-0.44	-0.024
1182	-5.899999999999994e-07	-0.44	-0.024
1183	-5.799999999999995e-07	-0.44	-0.024
1184	-5.699999999999996e-07	-0.44	-0.024
1185	-5.599999999999997e-07	-0.44	-0.024
1186	-5.499999999999998e-07	-0.44	-0.024
1187	-5.399999999999999e-07	-0.44	-0.024
1188	-5.3e-07	-0.44	-0.024
1189	-5.200000000000001e-07	-0.44	-0.024
1190	-5.100000000000002e-07	-0.44	-0.024
1191	-5.000000000000003e-07	-0.44	-0.024
1192	-4.899999999999987e-07	-0.44	-0.024
1193	-4.799999999999988e-07	-0.44	-0.024
1194	-4.699999999999989e-07	-0.44	-0.024
1195	-4.59999999999999e-07	-0.44	-0.024
1196	-4.499999999999991e-07	-0.44	-0.024
1197	-4.399999999999992e-07	-0.44	-0.024
1198	-4.2999999999999927e-07	-0.44	-0.032
1199	-4.1999999999999937e-07	-0.44	-0.032
1200	-4.0999999999999946e-07	-0.44	-0.024
1201	-3.9999999999999956e-07	-0.44	-0.024
1202	-3.8999999999999965e-07	-0.44	-0.024
1203	-3.7999999999999975e-07	-0.44	-0.032
1204	-3.6999999999999985e-07	-0.44	-0.024
1205	-3.5999999999999994e-07	-0.44	-0.032
1206	-3.5000000000000004e-07	-0.44	-0.032
1207	-3.4000000000000013e-07	-0.44	-0.024
1208	-3.3000000000000023e-07	-0.44	-0.032
1209	-3.200000000000003e-07	-0.44	-0.032
1210	-3.099999999999987e-07	-0.44	-0.032
1211	-2.999999999999988e-07	-0.44	-0.032
1212	-2.899999999999989e-07	-0.44	-0.024
1213	-2.79999999999999e-07	-0.44	-0.032
1214	-2.699999999999991e-07	-0.44	-0.032
1215	-2.599999999999992e-07	-0.44	-0.032
1216	-2.499999999999993e-07	-0.44	-0.032
1217	-2.399999999999994e-07	-0.44	-0.032
1218	-2.299999999999995e-07	-0.44	-0.032
1219	-2.199999999999996e-07	-0.44	-0.032
1220	-2.0999999999999968e-07	-0.44	-0.032
1221	-1.9999999999999978e-07	-0.44	-0.032
1222	-1.8999999999999987e-07	-0.44	-0.032
1223	-1.7999999999999997e-07	-0.44	-0.032
1224	-1.7000000000000007e-07	-0.44	-0.032
1225	-1.6000000000000016e-07	-0.44	-0.032
1226	-1.5000000000000026e-07	-0.44	-0.032
1227	-1.4000000000000035e-07	-0.44	-0.032
1228	-1.2999999999999876e-07	-0.432	-0.032
1229	-1.1999999999999885e-07	-0.44	-0.032
1230	-1.0999999999999895e-07	-0.44	-0.032
1231	-9.999999999999904e-08	-0.44	-0.032
1232	-8.999999999999914e-08	-0.44	-0.032
1233	-7.999999999999923e-08	-0.432	-0.032
1234	-6.999999999999933e-08	-0.44	-0.032
1235	-5.999999999999943e-08	-0.44	-0.032
1236	-4.999999999999952e-08	-0.44	-0.032
1237	-3.999999999999962e-08	-0.44	-0.032
1238	-2.999999999999971e-08	-0.44	-0.032
1239	-1.999999999999981e-08	-0.44	-0.032
1240	-9.999999999999904e-09	-0.432	-0.032
1241	0.0	-0.44	-0.032
1242	9.999999999999904e-09	-0.44	-0.032
1243	1.999999999999981e-08	-0.432	-0.032
1244	2.999999999999971e-08	-0.44	-0.032
1245	4.000000000000131e-08	-0.432	-0.032
1246	5.0000000000001215e-08	-0.008	-0.024
1247	6.000000000000112e-08	0.5680000000000001	-0.016
1248	7.000000000000102e-08	0.584	-0.064
1249	8.000000000000093e-08	0.592	-0.048
1250	9.000000000000083e-08	0.5680000000000001	0.008
1251	1.0000000000000074e-07	0.47200000000000003	-0.024
1252	1.1000000000000064e-07	0.464	-0.056
1253	1.2000000000000055e-07	0.496	-0.032
1254	1.3000000000000045e-07	0.512	-0.008
1255	1.4000000000000035e-07	0.456	-0.032
1256	1.5000000000000026e-07	0.432	-0.04
1257	1.6000000000000016e-07	0.464	-0.032
1258	1.7000000000000007e-07	0.48	-0.024
1259	1.7999999999999997e-07	0.44	-0.032
1260	1.8999999999999987e-07	0.432	-0.048
1261	1.9999999999999978e-07	0.464	-0.032
1262	2.0999999999999968e-07	0.464	-0.016
1263	2.2000000000000128e-07	0.44	-0.04
1264	2.3000000000000119e-07	0.44	-0.04
1265	2.400000000000011e-07	0.456	-0.024
1266	2.50000000000001e-07	0.456	-0.032
1267	2.600000000000009e-07	0.44	-0.032
1268	2.700000000000008e-07	0.448	-0.032
1269	2.800000000000007e-07	0.456	-0.032
1270	2.900000000000006e-07	0.448	-0.024
1271	3.000000000000005e-07	0.44	-0.032
1272	3.100000000000004e-07	0.448	-0.032
1273	3.200000000000003e-07	0.448	-0.024
1274	3.3000000000000023e-07	0.448	-0.032
1275	3.4000000000000013e-07	0.44	-0.032
1276	3.5000000000000004e-07	0.448	-0.024
1277	3.5999999999999994e-07	0.448	-0.032
1278	3.6999999999999985e-07	0.448	-0.032
1279	3.7999999999999975e-07	0.448	-0.032
1280	3.8999999999999965e-07	0.448	-0.032
1281	4.0000000000000125e-07	0.448	-0.024
1282	4.1000000000000116e-07	0.448	-0.024
1283	4.2000000000000106e-07	0.448	-0.032
1284	4.3000000000000097e-07	0.448	-0.024
1285	4.4000000000000087e-07	0.448	-0.024
1286	4.500000000000008e-07	0.448	-0.032
1287	4.600000000000007e-07	0.448	-0.024
1288	4.700000000000006e-07	0.448	-0.024
1289	4.800000000000005e-07	0.448	-0.024
1290	4.900000000000004e-07	0.448	-0.024
1291	5.000000000000003e-07	0.448	-0.024
1292	5.100000000000002e-07	0.448	-0.024
1293	5.200000000000001e-07	0.448	-0.024
1294	5.3e-07	0.448	-0.024
1295	5.399999999999999e-07	0.448	-0.024
1296	5.499999999999998e-07	0.448	-0.024
1297	5.599999999999997e-07	0.448	-0.024
1298	5.700000000000013e-07	0.448	-0.024
1299	5.800000000000012e-07	0.448	-0.032
1300	5.900000000000011e-07	0.448	-0.024
1301	6.00000000000001e-07	0.448	-0.024
1302	6.100000000000009e-07	0.448	-0.024
1303	6.200000000000008e-07	0.448	-0.024
1304	6.300000000000007e-07	0.448	-0.024
1305	6.400000000000006e-07	0.448	-0.024
1306	6.500000000000006e-07	0.448	-0.024
1307	6.600000000000005e-07	0.448	-0.024
1308	6.700000000000004e-07	0.448	-0.024
1309	6.800000000000003e-07	0.448	-0.024
1310	6.900000000000002e-07	0.448	-0.024
1311	7.000000000000001e-07	0.448	-0.024
1312	7.1e-07	0.448	-0.024
1313	7.199999999999999e-07	0.448	-0.024
1314	7.299999999999998e-07	0.448	-0.024
1315	7.399999999999997e-07	0.448	-0.024
1316	7.500000000000013e-07	0.448	-0.024
1317	7.600000000000012e-07	0.448	-0.024
1318	7.700000000000011e-07	0.448	-0.024
1319	7.80000000000001e-07	0.448	-0.024
1320	7.900000000000009e-07	0.448	-0.024
1321	8.000000000000008e-07	0.448	-0.024
1322	8.100000000000007e-07	0.448	-0.024
1323	8.200000000000006e-07	0.448	-0.024
1324	8.300000000000005e-07	0.448	-0.024
1325	8.400000000000004e-07	0.448	-0.024
1326	8.500000000000003e-07	0.448	-0.024
1327	8.600000000000002e-07	0.448	-0.024
1328	8.700000000000001e-07	0.448	-0.024
1329	8.8e-07	0.448	-0.024
1330	8.9e-07	0.448	-0.024
1331	8.999999999999999e-07	0.448	-0.024
1332	9.099999999999998e-07	0.448	-0.024
1333	9.200000000000014e-07	0.448	-0.024
1334	9.300000000000013e-07	0.448	-0.016
1335	9.400000000000012e-07	0.448	-0.016
1336	9.500000000000011e-07	0.448	-0.016
1337	9.60000000000001e-07	0.448	-0.024
1338	9.700000000000009e-07	0.448	-0.024
1339	9.800000000000008e-07	0.448	-0.016
1340	9.900000000000007e-07	0.448	-0.016
1341	1.0000000000000006e-06	0.448	-0.016
1342	1.0100000000000005e-06	0.448	-0.024
1343	1.0200000000000004e-06	0.448	-0.024
1344	1.0300000000000003e-06	0.448	-0.016
1345	1.0400000000000002e-06	0.448	-0.016
1346	1.0500000000000001e-06	0.448	-0.016
1347	1.06e-06	0.448	-0.024
1348	1.07e-06	0.448	-0.016
1349	1.0799999999999998e-06	0.448	-0.016
1350	1.0899999999999997e-06	0.448	-0.016
1351	1.1000000000000013e-06	0.448	-0.016
1352	1.1100000000000012e-06	0.448	-0.016
1353	1.1200000000000011e-06	0.448	-0.016
1354	1.130000000000001e-06	0.448	-0.016
1355	1.140000000000001e-06	0.448	-0.016
1356	1.1500000000000008e-06	0.448	-0.016
1357	1.1600000000000008e-06	0.448	-0.016
1358	1.1700000000000007e-06	0.448	-0.016
1359	1.1800000000000006e-06	0.448	-0.016
1360	1.1900000000000005e-06	0.448	-0.016
1361	1.2000000000000004e-06	0.448	-0.016
1362	1.2100000000000003e-06	0.448	-0.016
1363	1.2200000000000002e-06	0.448	-0.016
1364	1.23e-06	0.448	-0.016
1365	1.24e-06	0.448	-0.016
1366	1.2499999999999999e-06	0.448	-0.016
1367	1.2599999999999998e-06	0.448	-0.016
1368	1.2699999999999997e-06	0.448	-0.016
1369	1.2800000000000013e-06	0.448	-0.016
1370	1.2900000000000012e-06	0.448	-0.016
1371	1.300000000000001e-06	0.448	-0.016
1372	1.310000000000001e-06	0.448	-0.016
1373	1.320000000000001e-06	0.448	-0.016
1374	1.3300000000000008e-06	0.448	-0.016
1375	1.3400000000000007e-06	0.448	-0.016
1376	1.3500000000000006e-06	0.448	-0.016
1377	1.3600000000000005e-06	0.448	-0.016
1378	1.3700000000000004e-06	0.448	-0.016
1379	1.3800000000000003e-06	0.448	-0.016
1380	1.3900000000000002e-06	0.448	-0.016
1381	1.4000000000000001e-06	0.448	-0.016
1382	1.41e-06	0.448	-0.008
1383	1.42e-06	0.448	-0.016
1384	1.4299999999999999e-06	0.448	-0.016
1385	1.4399999999999998e-06	0.448	-0.016
1386	1.4500000000000014e-06	0.448	-0.008
1387	1.4600000000000013e-06	0.448	-0.016
1388	1.4700000000000012e-06	0.448	-0.016
1389	1.480000000000001e-06	0.448	-0.008
1390	1.490000000000001e-06	0.448	-0.016
1391	1.5000000000000009e-06	0.448	-0.016
1392	1.5100000000000008e-06	0.448	-0.016
1393	1.5200000000000007e-06	0.448	-0.016
1394	1.5300000000000006e-06	0.448	-0.008
1395	1.5400000000000005e-06	0.448	-0.008
1396	1.5500000000000004e-06	0.448	-0.016
1397	1.5600000000000003e-06	0.448	-0.008
1398	1.5700000000000002e-06	0.448	-0.016
1399	1.5800000000000001e-06	0.448	-0.008
1400	1.59e-06	0.448	-0.008
1401	1.6e-06	0.448	-0.008
1402	1.6099999999999998e-06	0.448	-0.008
1403	1.6199999999999997e-06	0.448	-0.008
1404	1.6300000000000013e-06	0.448	-0.008
1405	1.6400000000000012e-06	0.448	-0.008
1406	1.6500000000000011e-06	0.448	-0.008
1407	1.660000000000001e-06	0.448	-0.008
1408	1.670000000000001e-06	0.448	-0.008
1409	1.6800000000000009e-06	0.448	-0.008
1410	1.6900000000000008e-06	0.448	-0.008
1411	1.7000000000000007e-06	0.448	-0.008
1412	1.7100000000000006e-06	0.448	-0.008
1413	1.7200000000000005e-06	0.448	-0.008
1414	1.7300000000000004e-06	0.448	-0.008
1415	1.7400000000000003e-06	0.448	-0.008
1416	1.7500000000000002e-06	0.448	-0.008
1417	1.76e-06	0.448	-0.008
1418	1.77e-06	0.448	-0.008
1419	1.78e-06	0.448	-0.008
1420	1.7899999999999998e-06	0.448	-0.008
1421	1.7999999999999997e-06	0.448	-0.008
1422	1.8100000000000013e-06	0.448	-0.008
1423	1.8200000000000012e-06	0.448	-0.008
1424	1.8300000000000011e-06	0.448	-0.008
1425	1.840000000000001e-06	0.448	-0.008
1426	1.850000000000001e-06	0.448	-0.008
1427	1.8600000000000008e-06	0.448	-0.008
1428	1.8700000000000007e-06	0.448	-0.008
1429	1.8800000000000006e-06	0.448	-0.008
1430	1.8900000000000005e-06	0.448	-0.008
1431	1.9000000000000004e-06	0.448	-0.008
1432	1.9100000000000003e-06	0.448	-0.008
1433	1.9200000000000003e-06	0.448	-0.008
1434	1.93e-06	0.448	-0.008
1435	1.94e-06	0.448	-0.008
1436	1.95e-06	0.448	-0.008
1437	1.96e-06	0.448	-0.008
1438	1.9699999999999998e-06	0.448	-0.008
1439	1.9800000000000014e-06	0.448	-0.008
1440	1.9900000000000013e-06	0.448	-0.008
1441	2.000000000000001e-06	0.448	-0.008
1442	2.010000000000001e-06	0.448	-0.008
1443	2.020000000000001e-06	0.448	-0.008
1444	2.030000000000001e-06	0.448	-0.008
1445	2.040000000000001e-06	0.448	-0.008
1446	2.0500000000000007e-06	0.448	-0.008
1447	2.0600000000000006e-06	0.448	-0.008
1448	2.0700000000000005e-06	0.448	-0.008
1449	2.0800000000000004e-06	0.448	0.0
1450	2.0900000000000003e-06	0.448	0.0
1451	2.1000000000000002e-06	0.448	-0.008
1452	2.11e-06	0.448	-0.008
1453	2.12e-06	0.448	0.0
1454	2.13e-06	0.448	0.0
1455	2.14e-06	0.448	0.0
1456	2.1499999999999997e-06	0.448	0.0
1457	2.1600000000000013e-06	0.448	0.0
1458	2.1700000000000012e-06	0.448	0.0
1459	2.180000000000001e-06	0.448	0.0
1460	2.190000000000001e-06	0.448	0.0
1461	2.200000000000001e-06	0.448	0.0
1462	2.210000000000001e-06	0.448	0.0
1463	2.2200000000000008e-06	0.448	0.0
1464	2.2300000000000007e-06	0.448	0.0
1465	2.2400000000000006e-06	0.448	0.0
1466	2.2500000000000005e-06	0.448	0.0
1467	2.2600000000000004e-06	0.448	0.0
1468	2.2700000000000003e-06	0.448	0.0
1469	2.28e-06	0.448	0.0
1470	2.29e-06	0.448	0.0
1471	2.3e-06	0.448	0.0
1472	2.31e-06	0.448	0.0
1473	2.32e-06	0.448	0.0
1474	2.3299999999999997e-06	0.448	0.0
1475	2.3400000000000013e-06	0.448	0.0
1476	2.3500000000000012e-06	0.448	0.0
1477	2.360000000000001e-06	0.448	0.0
1478	2.370000000000001e-06	0.448	0.0
1479	2.380000000000001e-06	0.448	0.0
1480	2.390000000000001e-06	0.448	0.0
1481	2.4000000000000007e-06	0.448	0.0
1482	2.4100000000000006e-06	0.448	0.0
1483	2.4200000000000005e-06	0.448	0.0
1484	2.4300000000000005e-06	0.448	0.0
1485	2.4400000000000004e-06	0.448	0.0
1486	2.4500000000000003e-06	0.448	0.0
1487	2.46e-06	0.448	0.0
1488	2.47e-06	0.448	0.0
1489	2.48e-06	0.448	0.0
1490	2.49e-06	0.448	0.0
1491	2.4999999999999998e-06	0.448	0.0
1492	2.5100000000000014e-06	0.448	0.0
1493	2.5200000000000013e-06	0.448	0.0
1494	2.530000000000001e-06	0.448	0.0
1495	2.540000000000001e-06	0.448	0.0
1496	2.550000000000001e-06	0.448	0.0
1497	2.560000000000001e-06	0.448	0.0
1498	2.570000000000001e-06	0.448	0.0
1499	2.5800000000000007e-06	0.448	0.008
1500	2.5900000000000006e-06	0.448	0.0
1501	2.6000000000000005e-06	0.448	0.008
1502	2.6100000000000004e-06	0.448	0.0
1503	2.6200000000000003e-06	0.448	0.0
1504	2.6300000000000002e-06	0.448	0.008
1505	2.64e-06	0.448	0.0
1506	2.65e-06	0.448	0.0
1507	2.66e-06	0.448	0.0
1508	2.67e-06	0.448	0.0
1509	2.6799999999999998e-06	0.448	0.0
1510	2.6900000000000013e-06	0.448	0.008
1511	2.7000000000000013e-06	0.448	0.008
1512	2.710000000000001e-06	0.448	0.008
1513	2.720000000000001e-06	0.448	0.008
1514	2.730000000000001e-06	0.448	0.008
1515	2.740000000000001e-06	0.448	0.008
1516	2.7500000000000008e-06	0.448	0.008
1517	2.7600000000000007e-06	0.448	0.008
1518	2.7700000000000006e-06	0.448	0.008
1519	2.7800000000000005e-06	0.448	0.008
1520	2.7900000000000004e-06	0.448	0.008
1521	2.8000000000000003e-06	0.448	0.008
1522	2.81e-06	0.448	0.008
1523	2.82e-06	0.448	0.008
1524	2.83e-06	0.448	0.008
1525	2.84e-06	0.448	0.008
1526	2.85e-06	0.448	0.008
1527	2.8600000000000014e-06	0.448	0.008
1528	2.8699999999999996e-06	0.448	0.008
1529	2.8800000000000012e-06	0.448	0.008
1530	2.8899999999999994e-06	0.448	0.008
1531	2.900000000000001e-06	0.448	0.008
1532	2.9099999999999992e-06	0.448	0.008
1533	2.920000000000001e-06	0.448	0.008
1534	2.929999999999999e-06	0.448	0.008
1535	2.9400000000000007e-06	0.448	0.008
1536	2.9500000000000022e-06	0.448	0.008
1537	2.9600000000000005e-06	0.448	0.008
1538	2.970000000000002e-06	0.448	0.008
1539	2.9800000000000003e-06	0.448	0.008
1540	2.990000000000002e-06	0.448	0.008
1541	3e-06	0.448	0.008
1542	3.0100000000000017e-06	0.448	0.008
1543	3.02e-06	0.448	0.008
1544	3.0300000000000015e-06	0.448	0.008
1545	3.0399999999999997e-06	0.448	0.008
1546	3.0500000000000013e-06	0.448	0.008
1547	3.0599999999999995e-06	0.448	0.008
1548	3.070000000000001e-06	0.448	0.008
1549	3.0799999999999993e-06	0.448	0.008
1550	3.090000000000001e-06	0.448	0.008
1551	3.099999999999999e-06	0.448	0.008
1552	3.1100000000000007e-06	0.448	0.008
1553	3.119999999999999e-06	0.448	0.008
1554	3.1300000000000005e-06	0.448	0.016
1555	3.140000000000002e-06	0.448	0.008
1556	3.1500000000000003e-06	0.448	0.008
1557	3.160000000000002e-06	0.448	0.008
1558	3.17e-06	0.448	0.008
1559	3.1800000000000017e-06	0.448	0.008
1560	3.19e-06	0.448	0.008
1561	3.2000000000000015e-06	0.448	0.008
1562	3.2099999999999998e-06	0.448	0.008
1563	3.2200000000000014e-06	0.448	0.016
1564	3.2299999999999996e-06	0.448	0.008
1565	3.240000000000001e-06	0.448	0.008
1566	3.2499999999999994e-06	0.448	0.016
1567	3.260000000000001e-06	0.448	0.016
1568	3.269999999999999e-06	0.448	0.016
1569	3.2800000000000008e-06	0.448	0.016
1570	3.289999999999999e-06	0.448	0.016
1571	3.3000000000000006e-06	0.448	0.008
1572	3.310000000000002e-06	0.448	0.016
1573	3.3200000000000004e-06	0.448	0.016
1574	3.330000000000002e-06	0.448	0.016
1575	3.34e-06	0.448	0.016
1576	3.350000000000002e-06	0.448	0.016
1577	3.36e-06	0.448	0.008
1578	3.3700000000000016e-06	0.448	0.016
1579	3.38e-06	0.448	0.016
1580	3.3900000000000014e-06	0.448	0.016
1581	3.3999999999999996e-06	0.448	0.016
1582	3.4100000000000012e-06	0.448	0.016
1583	3.4199999999999994e-06	0.448	0.016
1584	3.430000000000001e-06	0.448	0.016
1585	3.4399999999999993e-06	0.448	0.016
1586	3.450000000000001e-06	0.448	0.016
1587	3.459999999999999e-06	0.448	0.016
1588	3.4700000000000007e-06	0.448	0.016
1589	3.4800000000000023e-06	0.448	0.016
1590	3.4900000000000005e-06	0.448	0.016
1591	3.500000000000002e-06	0.448	0.016
1592	3.5100000000000003e-06	0.448	0.016
1593	3.520000000000002e-06	0.448	0.016
1594	3.53e-06	0.448	0.016
1595	3.5400000000000017e-06	0.448	0.016
1596	3.55e-06	0.448	0.016
1597	3.5600000000000015e-06	0.448	0.016
1598	3.5699999999999997e-06	0.448	0.016
1599	3.5800000000000013e-06	0.448	0.016
1600	3.5899999999999995e-06	0.448	0.016
1601	3.600000000000001e-06	0.448	0.016
1602	3.6099999999999993e-06	0.448	0.016
1603	3.620000000000001e-06	0.448	0.016
1604	3.629999999999999e-06	0.448	0.016
1605	3.6400000000000007e-06	0.448	0.016
1606	3.649999999999999e-06	0.448	0.016
1607	3.6600000000000005e-06	0.448	0.016
1608	3.670000000000002e-06	0.448	0.016
1609	3.6800000000000003e-06	0.448	0.016
1610	3.690000000000002e-06	0.448	0.016
1611	3.7e-06	0.448	0.016
1612	3.7100000000000017e-06	0.448	0.016
1613	3.72e-06	0.448	0.016
1614	3.7300000000000016e-06	0.448	0.016
1615	3.7399999999999998e-06	0.448	0.016
1616	3.7500000000000014e-06	0.448	0.016
1617	3.7599999999999996e-06	0.448	0.016
1618	3.770000000000001e-06	0.448	0.016
1619	3.7799999999999994e-06	0.448	0.024
1620	3.790000000000001e-06	0.448	0.016
1621	3.799999999999999e-06	0.448	0.016
1622	3.810000000000001e-06	0.448	0.016
1623	3.819999999999999e-06	0.448	0.024
1624	3.830000000000001e-06	0.448	0.024
1625	3.840000000000002e-06	0.448	0.016
1626	3.85e-06	0.448	0.016
1627	3.860000000000002e-06	0.448	0.016
1628	3.87e-06	0.448	0.016
1629	3.880000000000002e-06	0.448	0.016
1630	3.89e-06	0.448	0.024
1631	3.900000000000002e-06	0.448	0.024
1632	3.91e-06	0.448	0.024
1633	3.9200000000000014e-06	0.448	0.024
1634	3.93e-06	0.448	0.024
1635	3.940000000000001e-06	0.448	0.024
1636	3.9499999999999995e-06	0.448	0.024
1637	3.960000000000001e-06	0.448	0.024
1638	3.969999999999999e-06	0.448	0.024
1639	3.980000000000001e-06	0.448	0.024
1640	3.989999999999999e-06	0.448	0.024
1641	4.000000000000001e-06	0.456	0.024
1642	4.010000000000002e-06	0.448	0.024
1643	4.0200000000000005e-06	0.448	0.024
1644	4.030000000000002e-06	0.448	0.024
1645	4.04e-06	0.448	0.024
1646	4.050000000000002e-06	0.448	0.024
1647	4.06e-06	0.448	0.024
1648	4.070000000000002e-06	0.448	0.024
1649	4.08e-06	0.448	0.024
1650	4.0900000000000015e-06	0.448	0.024
1651	4.1e-06	0.448	0.024
1652	4.110000000000001e-06	0.448	0.024
1653	4.1199999999999995e-06	0.448	0.024
1654	4.130000000000001e-06	0.448	0.024
1655	4.139999999999999e-06	0.448	0.024
1656	4.150000000000001e-06	0.448	0.024
1657	4.159999999999999e-06	0.448	0.024
1658	4.170000000000001e-06	0.448	0.024
1659	4.179999999999999e-06	0.448	0.024
1660	4.1900000000000005e-06	0.448	0.024
1661	4.200000000000002e-06	0.448	0.024
1662	4.21e-06	0.448	0.024
1663	4.220000000000002e-06	0.448	0.024
1664	4.23e-06	0.448	0.024
1665	4.240000000000002e-06	0.448	0.024
1666	4.25e-06	0.448	0.024
1667	4.2600000000000016e-06	0.448	0.032
1668	4.27e-06	0.448	0.024
1669	4.280000000000001e-06	0.448	0.024
1670	4.29e-06	0.448	0.024
1671	4.300000000000001e-06	0.448	0.024
1672	4.309999999999999e-06	0.448	0.024
1673	4.320000000000001e-06	0.448	0.024
1674	4.329999999999999e-06	0.448	0.024
1675	4.340000000000001e-06	0.448	0.024
1676	4.349999999999999e-06	0.448	0.024
1677	4.360000000000001e-06	0.448	0.032
1678	4.370000000000002e-06	0.448	0.024
1679	4.38e-06	0.448	0.032
1680	4.390000000000002e-06	0.448	0.024
1681	4.4e-06	0.448	0.032
1682	4.410000000000002e-06	0.448	0.024
1683	4.42e-06	0.448	0.032
1684	4.430000000000002e-06	0.448	0.032
1685	4.44e-06	0.448	0.032
1686	4.4500000000000014e-06	0.448	0.032
1687	4.46e-06	0.448	0.032
1688	4.470000000000001e-06	0.448	0.032
1689	4.4799999999999995e-06	0.448	0.024
1690	4.490000000000001e-06	0.448	0.032
1691	4.499999999999999e-06	0.448	0.032
1692	4.510000000000001e-06	0.448	0.032
1693	4.519999999999999e-06	0.448	0.032
1694	4.530000000000001e-06	0.448	0.032
1695	4.540000000000002e-06	0.448	0.032
1696	4.5500000000000005e-06	0.448	0.032
1697	4.560000000000002e-06	0.448	0.032
1698	4.57e-06	0.448	0.032
1699	4.580000000000002e-06	0.448	0.032
1700	4.59e-06	0.448	0.032
1701	4.600000000000002e-06	0.448	0.032
1702	4.61e-06	0.448	0.032
1703	4.6200000000000015e-06	0.448	0.032
1704	4.63e-06	0.448	0.032
1705	4.640000000000001e-06	0.448	0.032
1706	4.6499999999999995e-06	0.448	0.032
1707	4.660000000000001e-06	0.448	0.032
1708	4.669999999999999e-06	0.448	0.032
1709	4.680000000000001e-06	0.448	0.032
1710	4.689999999999999e-06	0.448	0.032
1711	4.700000000000001e-06	0.448	0.032
1712	4.709999999999999e-06	0.448	0.032
1713	4.7200000000000005e-06	0.448	0.032
1714	4.730000000000002e-06	0.448	0.032
1715	4.74e-06	0.448	0.032
1716	4.750000000000002e-06	0.448	0.032
1717	4.76e-06	0.448	0.032
1718	4.770000000000002e-06	0.448	0.032
1719	4.78e-06	0.448	0.032
1720	4.7900000000000016e-06	0.448	0.032
1721	4.8e-06	0.448	0.032
1722	4.810000000000001e-06	0.448	0.032
1723	4.82e-06	0.448	0.032
1724	4.830000000000001e-06	0.448	0.032
1725	4.839999999999999e-06	0.448	0.032
1726	4.850000000000001e-06	0.448	0.032
1727	4.859999999999999e-06	0.448	0.032
1728	4.870000000000001e-06	0.448	0.032
1729	4.879999999999999e-06	0.448	0.032
1730	4.890000000000001e-06	0.448	0.032
1731	4.900000000000002e-06	0.448	0.032
1732	4.9100000000000004e-06	0.448	0.032
1733	4.920000000000002e-06	0.448	0.032
1734	4.93e-06	0.448	0.032
1735	4.940000000000002e-06	0.448	0.04
1736	4.95e-06	0.448	0.032
1737	4.960000000000002e-06	0.448	0.032
1738	4.97e-06	0.448	0.032
1739	4.9800000000000014e-06	0.448	0.032
1740	4.99e-06	0.448	0.04
1741	5.000000000000001e-06	0.448	0.04
1742	5.0099999999999995e-06	0.448	0.04
1743	5.020000000000001e-06	0.448	0.032
1744	5.029999999999999e-06	0.448	0.032
1745	5.040000000000001e-06	0.264	0.032
1746	5.049999999999999e-06	-0.392	0.016
1747	5.060000000000001e-06	-0.592	0.04
1748	5.070000000000002e-06	-0.5680000000000001	0.07200000000000001
1749	5.0800000000000005e-06	-0.584	0.016
1750	5.090000000000002e-06	-0.488	0.0
1751	5.1e-06	-0.44	0.048
1752	5.110000000000002e-06	-0.47200000000000003	0.056
1753	5.12e-06	-0.504	0.016
1754	5.130000000000002e-06	-0.47200000000000003	0.024
1755	5.14e-06	-0.424	0.048
1756	5.1500000000000015e-06	-0.432	0.04
1757	5.16e-06	-0.47200000000000003	0.032
1758	5.170000000000001e-06	-0.448	0.024
1759	5.1799999999999995e-06	-0.41600000000000004	0.04
1760	5.190000000000001e-06	-0.44	0.048
1761	5.199999999999999e-06	-0.456	0.024
1762	5.210000000000001e-06	-0.432	0.032
1763	5.219999999999999e-06	-0.424	0.04
1764	5.230000000000001e-06	-0.44	0.032
1765	5.239999999999999e-06	-0.448	0.032
1766	5.2500000000000006e-06	-0.432	0.04
1767	5.260000000000002e-06	-0.432	0.032
1768	5.27e-06	-0.44	0.032
1769	5.280000000000002e-06	-0.44	0.032
1770	5.29e-06	-0.432	0.032
1771	5.300000000000002e-06	-0.432	0.04
1772	5.31e-06	-0.44	0.032
1773	5.320000000000002e-06	-0.44	0.032
1774	5.33e-06	-0.432	0.032
1775	5.340000000000001e-06	-0.44	0.032
1776	5.35e-06	-0.44	0.032
1777	5.360000000000001e-06	-0.44	0.032
1778	5.369999999999999e-06	-0.432	0.032
1779	5.380000000000001e-06	-0.44	0.032
1780	5.389999999999999e-06	-0.44	0.032
1781	5.400000000000001e-06	-0.44	0.032
1782	5.409999999999999e-06	-0.44	0.032
1783	5.420000000000001e-06	-0.432	0.032
1784	5.430000000000002e-06	-0.44	0.032
1785	5.4400000000000004e-06	-0.44	0.032
1786	5.450000000000002e-06	-0.44	0.032
1787	5.46e-06	-0.44	0.032
1788	5.470000000000002e-06	-0.44	0.032
1789	5.48e-06	-0.44	0.032
1790	5.490000000000002e-06	-0.44	0.032
1791	5.5e-06	-0.44	0.032
1792	5.5100000000000015e-06	-0.44	0.032
1793	5.52e-06	-0.44	0.032
1794	5.530000000000001e-06	-0.44	0.032
1795	5.5399999999999995e-06	-0.44	0.032
1796	5.550000000000001e-06	-0.44	0.032
1797	5.559999999999999e-06	-0.44	0.032
1798	5.570000000000001e-06	-0.44	0.032
1799	5.579999999999999e-06	-0.44	0.024
1800	5.590000000000001e-06	-0.44	0.032
1801	5.600000000000002e-06	-0.44	0.032
1802	5.6100000000000005e-06	-0.44	0.032
1803	5.620000000000002e-06	-0.44	0.032
1804	5.63e-06	-0.44	0.024
1805	5.640000000000002e-06	-0.44	0.024
1806	5.65e-06	-0.44	0.024
1807	5.660000000000002e-06	-0.44	0.024
1808	5.67e-06	-0.44	0.024
1809	5.6800000000000015e-06	-0.44	0.024
1810	5.69e-06	-0.44	0.024
1811	5.700000000000001e-06	-0.44	0.024
1812	5.7099999999999995e-06	-0.44	0.024
1813	5.720000000000001e-06	-0.44	0.024
1814	5.729999999999999e-06	-0.44	0.024
1815	5.740000000000001e-06	-0.44	0.024
1816	5.749999999999999e-06	-0.44	0.024
1817	5.760000000000001e-06	-0.44	0.024
1818	5.769999999999999e-06	-0.44	0.024
1819	5.7800000000000006e-06	-0.44	0.024
1820	5.790000000000002e-06	-0.44	0.024
1821	5.8e-06	-0.432	0.024
1822	5.810000000000002e-06	-0.432	0.024
1823	5.82e-06	-0.44	0.024
1824	5.830000000000002e-06	-0.44	0.024
1825	5.84e-06	-0.44	0.024
1826	5.850000000000002e-06	-0.44	0.024
1827	5.86e-06	-0.432	0.024
1828	5.870000000000001e-06	-0.432	0.024
1829	5.88e-06	-0.432	0.024
1830	5.890000000000001e-06	-0.44	0.024
1831	5.899999999999999e-06	-0.432	0.024
1832	5.910000000000001e-06	-0.44	0.024
1833	5.919999999999999e-06	-0.44	0.024
1834	5.930000000000001e-06	-0.432	0.024
1835	5.939999999999999e-06	-0.44	0.024
1836	5.950000000000001e-06	-0.44	0.024
1837	5.960000000000002e-06	-0.44	0.024
1838	5.9700000000000004e-06	-0.44	0.024
1839	5.980000000000002e-06	-0.432	0.024
1840	5.99e-06	-0.432	0.024
1841	6.000000000000002e-06	-0.432	0.024
1842	6.01e-06	-0.432	0.016
1843	6.020000000000002e-06	-0.432	0.024
1844	6.03e-06	-0.44	0.024
1845	6.0400000000000015e-06	-0.432	0.024
1846	6.05e-06	-0.44	0.024
1847	6.060000000000001e-06	-0.44	0.024
1848	6.0699999999999995e-06	-0.44	0.024
1849	6.080000000000001e-06	-0.44	0.016
1850	6.089999999999999e-06	-0.432	0.016
1851	6.100000000000001e-06	-0.432	0.024
1852	6.109999999999999e-06	-0.44	0.024
1853	6.120000000000001e-06	-0.432	0.024
1854	6.130000000000002e-06	-0.44	0.024
1855	6.1400000000000005e-06	-0.432	0.016
1856	6.150000000000002e-06	-0.44	0.024
1857	6.16e-06	-0.44	0.016
1858	6.170000000000002e-06	-0.44	0.016
1859	6.18e-06	-0.44	0.024
1860	6.190000000000002e-06	-0.432	0.024
1861	6.2e-06	-0.44	0.016
1862	6.2100000000000015e-06	-0.432	0.016
1863	6.22e-06	-0.44	0.016
1864	6.230000000000001e-06	-0.44	0.016
1865	6.2399999999999995e-06	-0.432	0.016
1866	6.250000000000001e-06	-0.432	0.016
1867	6.259999999999999e-06	-0.44	0.016
1868	6.270000000000001e-06	-0.44	0.016
1869	6.279999999999999e-06	-0.44	0.016
1870	6.290000000000001e-06	-0.432	0.016
1871	6.299999999999999e-06	-0.44	0.016
1872	6.3100000000000006e-06	-0.44	0.016
1873	6.320000000000002e-06	-0.44	0.016
1874	6.33e-06	-0.44	0.016
1875	6.340000000000002e-06	-0.44	0.016
1876	6.35e-06	-0.44	0.016
1877	6.360000000000002e-06	-0.44	0.016
1878	6.37e-06	-0.44	0.016
1879	6.380000000000002e-06	-0.44	0.016
1880	6.39e-06	-0.44	0.016
1881	6.400000000000001e-06	-0.44	0.016
1882	6.41e-06	-0.44	0.016
1883	6.420000000000001e-06	-0.44	0.016
1884	6.429999999999999e-06	-0.44	0.016
1885	6.440000000000001e-06	-0.44	0.016
1886	6.449999999999999e-06	-0.44	0.016
1887	6.460000000000001e-06	-0.44	0.016
1888	6.469999999999999e-06	-0.44	0.016
1889	6.480000000000001e-06	-0.44	0.016
1890	6.490000000000002e-06	-0.44	0.016
1891	6.5000000000000004e-06	-0.44	0.016
1892	6.510000000000002e-06	-0.44	0.016
1893	6.52e-06	-0.44	0.016
1894	6.530000000000002e-06	-0.44	0.016
1895	6.54e-06	-0.44	0.016
1896	6.550000000000002e-06	-0.44	0.016
1897	6.56e-06	-0.44	0.016
1898	6.5700000000000015e-06	-0.44	0.016
1899	6.58e-06	-0.44	0.016
1900	6.590000000000001e-06	-0.44	0.016
1901	6.5999999999999995e-06	-0.44	0.016
1902	6.610000000000001e-06	-0.44	0.016
1903	6.619999999999999e-06	-0.44	0.008
1904	6.630000000000001e-06	-0.44	0.016
1905	6.639999999999999e-06	-0.432	0.008
1906	6.650000000000001e-06	-0.44	0.008
1907	6.660000000000002e-06	-0.44	0.016
1908	6.6700000000000005e-06	-0.44	0.008
1909	6.680000000000002e-06	-0.44	0.016
1910	6.69e-06	-0.44	0.008
1911	6.700000000000002e-06	-0.44	0.008
1912	6.71e-06	-0.44	0.008
1913	6.720000000000002e-06	-0.44	0.016
1914	6.73e-06	-0.44	0.008
1915	6.7400000000000015e-06	-0.44	0.008
1916	6.75e-06	-0.44	0.008
1917	6.760000000000001e-06	-0.44	0.008
1918	6.7699999999999996e-06	-0.44	0.008
1919	6.780000000000001e-06	-0.44	0.008
1920	6.789999999999999e-06	-0.44	0.016
1921	6.800000000000001e-06	-0.44	0.008
1922	6.809999999999999e-06	-0.44	0.008
1923	6.820000000000001e-06	-0.44	0.008
1924	6.829999999999999e-06	-0.44	0.008
1925	6.840000000000001e-06	-0.432	0.008
1926	6.850000000000002e-06	-0.432	0.008
1927	6.86e-06	-0.44	0.008
1928	6.870000000000002e-06	-0.44	0.008
1929	6.88e-06	-0.44	0.008
1930	6.890000000000002e-06	-0.44	0.008
1931	6.9e-06	-0.432	0.008
1932	6.910000000000002e-06	-0.44	0.008
1933	6.92e-06	-0.432	0.008
1934	6.930000000000001e-06	-0.44	0.008
1935	6.94e-06	-0.44	0.008
1936	6.950000000000001e-06	-0.432	0.008
1937	6.9599999999999994e-06	-0.44	0.008
1938	6.970000000000001e-06	-0.432	0.008
1939	6.979999999999999e-06	-0.44	0.008
1940	6.990000000000001e-06	-0.432	0.008
1941	6.999999999999999e-06	-0.432	0.008
1942	7.010000000000001e-06	-0.432	0.008
1943	7.020000000000002e-06	-0.44	0.008
1944	7.0300000000000005e-06	-0.44	0.008
1945	7.040000000000002e-06	-0.432	0.008
1946	7.05e-06	-0.44	0.008
1947	7.060000000000002e-06	-0.44	0.008
1948	7.07e-06	-0.44	0.008
1949	7.080000000000002e-06	-0.432	0.008
1950	7.09e-06	-0.44	0.008
1951	7.1000000000000015e-06	-0.432	0.008
1952	7.11e-06	-0.432	0.008
1953	7.120000000000001e-06	-0.44	0.008
1954	7.1299999999999995e-06	-0.44	0.008
1955	7.140000000000001e-06	-0.44	0.0
1956	7.149999999999999e-06	-0.44	0.0
1957	7.160000000000001e-06	-0.44	0.008
1958	7.169999999999999e-06	-0.44	0.008
1959	7.180000000000001e-06	-0.432	0.008
1960	7.190000000000002e-06	-0.44	0.008
1961	7.2000000000000005e-06	-0.44	0.0
1962	7.210000000000002e-06	-0.44	0.008
1963	7.22e-06	-0.432	0.008
1964	7.230000000000002e-06	-0.44	0.0
1965	7.24e-06	-0.432	0.008
1966	7.250000000000002e-06	-0.44	0.0
1967	7.26e-06	-0.44	0.0
1968	7.2700000000000015e-06	-0.44	0.0
1969	7.28e-06	-0.44	0.008
1970	7.290000000000001e-06	-0.44	0.0
1971	7.2999999999999996e-06	-0.44	0.0
1972	7.310000000000001e-06	-0.44	0.0
1973	7.319999999999999e-06	-0.44	0.0
1974	7.330000000000001e-06	-0.44	0.008
1975	7.339999999999999e-06	-0.44	0.0
1976	7.350000000000001e-06	-0.44	0.0
1977	7.359999999999999e-06	-0.432	0.0
1978	7.370000000000001e-06	-0.44	0.0
1979	7.380000000000002e-06	-0.44	0.0
1980	7.39e-06	-0.44	0.0
1981	7.400000000000002e-06	-0.44	0.008
1982	7.41e-06	-0.44	0.0
1983	7.420000000000002e-06	-0.44	0.0
1984	7.43e-06	-0.44	0.0
1985	7.440000000000002e-06	-0.44	0.0
1986	7.45e-06	-0.44	0.0
1987	7.460000000000001e-06	-0.44	0.0
1988	7.47e-06	-0.44	0.0
1989	7.480000000000001e-06	-0.44	0.0
1990	7.4899999999999994e-06	-0.44	0.0
1991	7.500000000000001e-06	-0.44	0.0
1992	7.509999999999999e-06	-0.44	0.0
1993	7.520000000000001e-06	-0.44	0.0
1994	7.529999999999999e-06	-0.44	0.0
1995	7.540000000000001e-06	-0.44	0.0
1996	7.550000000000002e-06	-0.44	0.0
1997	7.5600000000000005e-06	-0.44	0.0
1998	7.570000000000002e-06	-0.44	0.0
1999	7.58e-06	-0.44	0.0
2000	7.590000000000002e-06	-0.44	0.0
2001	7.6e-06	-0.44	0.0
2002	7.610000000000002e-06	-0.44	0.0
2003	7.62e-06	-0.44	0.0
2004	7.630000000000001e-06	-0.44	0.0
2005	7.64e-06	-0.44	0.0
2006	7.650000000000001e-06	-0.44	0.0
2007	7.66e-06	-0.44	0.0
2008	7.670000000000001e-06	-0.44	0.0
2009	7.68e-06	-0.44	0.0
2010	7.690000000000001e-06	-0.44	0.0
2011	7.699999999999999e-06	-0.44	0.0
2012	7.71e-06	-0.44	0.0
2013	7.720000000000002e-06	-0.44	0.0
2014	7.73e-06	-0.44	0.0
2015	7.740000000000002e-06	-0.44	-0.008
2016	7.75e-06	-0.44	0.0
2017	7.760000000000002e-06	-0.44	-0.008
2018	7.77e-06	-0.44	0.0
2019	7.780000000000002e-06	-0.44	0.0
2020	7.79e-06	-0.44	-0.008
2021	7.800000000000002e-06	-0.44	-0.008
2022	7.81e-06	-0.44	-0.008
2023	7.820000000000001e-06	-0.44	0.0
2024	7.83e-06	-0.432	0.0
2025	7.840000000000001e-06	-0.432	-0.008
2026	7.85e-06	-0.44	0.0
2027	7.860000000000001e-06	-0.432	-0.008
2028	7.87e-06	-0.44	-0.008
2029	7.88e-06	-0.44	-0.008
2030	7.889999999999999e-06	-0.44	-0.008
2031	7.9e-06	-0.44	-0.008
2032	7.910000000000002e-06	-0.44	-0.008
2033	7.92e-06	-0.44	-0.008
2034	7.930000000000002e-06	-0.432	-0.008
2035	7.94e-06	-0.44	-0.008
2036	7.950000000000002e-06	-0.44	-0.008
2037	7.96e-06	-0.432	-0.008
2038	7.970000000000002e-06	-0.44	-0.008
2039	7.98e-06	-0.432	-0.008
2040	7.990000000000001e-06	-0.44	-0.008
2041	8e-06	-0.44	-0.008
2042	8.010000000000001e-06	-0.44	-0.008
2043	8.02e-06	-0.44	-0.008
2044	8.030000000000001e-06	-0.44	-0.008
2045	8.04e-06	-0.44	-0.008
2046	8.050000000000001e-06	-0.44	-0.008
2047	8.059999999999999e-06	-0.432	-0.008
2048	8.07e-06	-0.432	-0.008
2049	8.080000000000002e-06	-0.44	-0.008
2050	8.09e-06	-0.44	-0.008
2051	8.100000000000002e-06	-0.44	-0.008
2052	8.11e-06	-0.44	-0.008
2053	8.120000000000002e-06	-0.44	-0.008
2054	8.13e-06	-0.432	-0.008
2055	8.140000000000002e-06	-0.44	-0.008
2056	8.15e-06	-0.44	-0.008
2057	8.160000000000001e-06	-0.44	-0.008
2058	8.17e-06	-0.44	-0.008
2059	8.180000000000001e-06	-0.432	-0.008
2060	8.19e-06	-0.44	-0.008
2061	8.200000000000001e-06	-0.44	-0.008
2062	8.21e-06	-0.44	-0.008
2063	8.220000000000001e-06	-0.44	-0.008
2064	8.229999999999999e-06	-0.44	-0.008
2065	8.24e-06	-0.44	-0.008
2066	8.250000000000002e-06	-0.44	-0.008
2067	8.26e-06	-0.44	-0.008
2068	8.270000000000002e-06	-0.44	-0.008
2069	8.28e-06	-0.44	-0.008
2070	8.290000000000002e-06	-0.44	-0.008
2071	8.3e-06	-0.44	-0.008
2072	8.310000000000002e-06	-0.44	-0.008
2073	8.32e-06	-0.44	-0.008
2074	8.330000000000002e-06	-0.44	-0.008
2075	8.34e-06	-0.44	-0.008
2076	8.350000000000001e-06	-0.44	-0.008
2077	8.36e-06	-0.44	-0.008
2078	8.370000000000001e-06	-0.44	-0.008
2079	8.38e-06	-0.44	-0.008
2080	8.390000000000001e-06	-0.44	-0.008
2081	8.4e-06	-0.44	-0.008
2082	8.41e-06	-0.44	-0.008
2083	8.419999999999999e-06	-0.44	-0.008
2084	8.43e-06	-0.44	-0.016
2085	8.440000000000002e-06	-0.44	-0.016
2086	8.45e-06	-0.44	-0.016
2087	8.460000000000002e-06	-0.44	-0.008
2088	8.47e-06	-0.44	-0.016
2089	8.480000000000002e-06	-0.44	-0.016
2090	8.49e-06	-0.44	-0.016
2091	8.500000000000002e-06	-0.44	-0.016
2092	8.51e-06	-0.44	-0.016
2093	8.520000000000001e-06	-0.44	-0.008
2094	8.53e-06	-0.44	-0.016
2095	8.540000000000001e-06	-0.44	-0.016
2096	8.55e-06	-0.44	-0.016
2097	8.560000000000001e-06	-0.44	-0.016
2098	8.57e-06	-0.44	-0.016
2099	8.580000000000001e-06	-0.44	-0.016
2100	8.589999999999999e-06	-0.44	-0.016
2101	8.6e-06	-0.44	-0.016
2102	8.610000000000002e-06	-0.44	-0.016
2103	8.62e-06	-0.44	-0.016
2104	8.630000000000002e-06	-0.44	-0.016
2105	8.64e-06	-0.44	-0.016
2106	8.650000000000002e-06	-0.44	-0.016
2107	8.66e-06	-0.44	-0.016
2108	8.670000000000002e-06	-0.44	-0.016
2109	8.68e-06	-0.44	-0.016
2110	8.690000000000002e-06	-0.44	-0.016
2111	8.7e-06	-0.44	-0.016
2112	8.710000000000001e-06	-0.44	-0.016
2113	8.72e-06	-0.44	-0.016
2114	8.730000000000001e-06	-0.44	-0.016
2115	8.74e-06	-0.44	-0.016
2116	8.750000000000001e-06	-0.44	-0.016
2117	8.759999999999999e-06	-0.44	-0.016
2118	8.77e-06	-0.44	-0.016
2119	8.780000000000002e-06	-0.44	-0.016
2120	8.79e-06	-0.44	-0.016
2121	8.800000000000002e-06	-0.44	-0.016
2122	8.81e-06	-0.44	-0.016
2123	8.820000000000002e-06	-0.44	-0.016
2124	8.83e-06	-0.432	-0.016
2125	8.840000000000002e-06	-0.44	-0.016
2126	8.85e-06	-0.44	-0.016
2127	8.860000000000002e-06	-0.44	-0.016
2128	8.87e-06	-0.44	-0.016
2129	8.880000000000001e-06	-0.44	-0.016
2130	8.89e-06	-0.44	-0.016
2131	8.900000000000001e-06	-0.44	-0.016
2132	8.91e-06	-0.44	-0.016
2133	8.920000000000001e-06	-0.44	-0.016
2134	8.93e-06	-0.44	-0.024
2135	8.94e-06	-0.44	-0.016
2136	8.949999999999999e-06	-0.44	-0.016
2137	8.96e-06	-0.44	-0.016
2138	8.970000000000002e-06	-0.44	-0.016
2139	8.98e-06	-0.44	-0.024
2140	8.990000000000002e-06	-0.44	-0.016
2141	9e-06	-0.44	-0.024
2142	9.010000000000002e-06	-0.44	-0.016
2143	9.02e-06	-0.44	-0.016
2144	9.030000000000002e-06	-0.44	-0.024
2145	9.04e-06	-0.44	-0.024
2146	9.050000000000001e-06	-0.44	-0.024
2147	9.06e-06	-0.44	-0.016
2148	9.070000000000001e-06	-0.44	-0.024
2149	9.08e-06	-0.44	-0.024
2150	9.090000000000001e-06	-0.44	-0.024
2151	9.1e-06	-0.44	-0.016
2152	9.110000000000001e-06	-0.44	-0.016
2153	9.119999999999999e-06	-0.44	-0.024
2154	9.13e-06	-0.44	-0.024
2155	9.140000000000002e-06	-0.44	-0.024
2156	9.15e-06	-0.44	-0.024
2157	9.160000000000002e-06	-0.44	-0.024
2158	9.17e-06	-0.44	-0.024
2159	9.180000000000002e-06	-0.44	-0.024
2160	9.19e-06	-0.44	-0.024
2161	9.200000000000002e-06	-0.44	-0.024
2162	9.21e-06	-0.44	-0.024
2163	9.220000000000002e-06	-0.44	-0.024
2164	9.23e-06	-0.44	-0.024
2165	9.240000000000001e-06	-0.44	-0.024
2166	9.25e-06	-0.44	-0.024
2167	9.260000000000001e-06	-0.44	-0.024
2168	9.27e-06	-0.44	-0.024
2169	9.280000000000001e-06	-0.44	-0.024
2170	9.289999999999999e-06	-0.44	-0.024
2171	9.3e-06	-0.44	-0.024
2172	9.310000000000002e-06	-0.44	-0.024
2173	9.32e-06	-0.44	-0.024
2174	9.330000000000002e-06	-0.44	-0.024
2175	9.34e-06	-0.44	-0.024
2176	9.350000000000002e-06	-0.44	-0.024
2177	9.36e-06	-0.44	-0.024
2178	9.370000000000002e-06	-0.44	-0.024
2179	9.38e-06	-0.44	-0.024
2180	9.390000000000002e-06	-0.44	-0.024
2181	9.4e-06	-0.44	-0.024
2182	9.410000000000001e-06	-0.44	-0.024
2183	9.42e-06	-0.44	-0.024
2184	9.430000000000001e-06	-0.44	-0.024
2185	9.44e-06	-0.44	-0.024
2186	9.450000000000001e-06	-0.44	-0.024
2187	9.46e-06	-0.44	-0.024
2188	9.47e-06	-0.44	-0.024
2189	9.479999999999999e-06	-0.44	-0.024
2190	9.49e-06	-0.44	-0.024
2191	9.500000000000002e-06	-0.44	-0.024
2192	9.51e-06	-0.44	-0.024
2193	9.520000000000002e-06	-0.44	-0.024
2194	9.53e-06	-0.44	-0.032
2195	9.540000000000002e-06	-0.44	-0.032
2196	9.55e-06	-0.44	-0.024
2197	9.560000000000002e-06	-0.44	-0.032
2198	9.57e-06	-0.44	-0.032
2199	9.580000000000001e-06	-0.44	-0.032
2200	9.59e-06	-0.44	-0.032
2201	9.600000000000001e-06	-0.44	-0.032
2202	9.61e-06	-0.44	-0.032
2203	9.620000000000001e-06	-0.44	-0.032
2204	9.63e-06	-0.44	-0.032
2205	9.640000000000001e-06	-0.44	-0.032
2206	9.649999999999999e-06	-0.44	-0.032
2207	9.66e-06	-0.44	-0.024
2208	9.670000000000002e-06	-0.44	-0.032
2209	9.68e-06	-0.44	-0.032
2210	9.690000000000002e-06	-0.44	-0.032
2211	9.7e-06	-0.44	-0.032
2212	9.710000000000002e-06	-0.432	-0.032
2213	9.72e-06	-0.44	-0.032
2214	9.730000000000002e-06	-0.44	-0.032
2215	9.74e-06	-0.44	-0.032
2216	9.750000000000002e-06	-0.44	-0.032
2217	9.76e-06	-0.44	-0.032
2218	9.770000000000001e-06	-0.432	-0.032
2219	9.78e-06	-0.44	-0.032
2220	9.790000000000001e-06	-0.44	-0.032
2221	9.8e-06	-0.44	-0.032
2222	9.810000000000001e-06	-0.44	-0.032
2223	9.82e-06	-0.432	-0.032
2224	9.83e-06	-0.44	-0.032
2225	9.840000000000002e-06	-0.44	-0.032
2226	9.85e-06	-0.44	-0.032
2227	9.860000000000002e-06	-0.44	-0.032
2228	9.87e-06	-0.44	-0.032
2229	9.880000000000002e-06	-0.432	-0.032
2230	9.89e-06	-0.432	-0.032
2231	9.900000000000002e-06	-0.44	-0.032
2232	9.91e-06	-0.44	-0.032
2233	9.920000000000002e-06	-0.44	-0.032
2234	9.93e-06	-0.44	-0.032
2235	9.940000000000001e-06	-0.44	-0.032
2236	9.95e-06	-0.44	-0.032
2237	9.960000000000001e-06	-0.432	-0.032
2238	9.97e-06	-0.44	-0.032
2239	9.980000000000001e-06	-0.44	-0.032
2240	9.99e-06	-0.44	-0.032
2241	1e-05	-0.432	-0.032
2242	1.0009999999999999e-05	-0.44	-0.032
2243	1.002e-05	-0.432	-0.032
2244	1.0030000000000002e-05	-0.432	-0.032
2245	1.004e-05	-0.424	-0.032
2246	1.0050000000000002e-05	0.016	-0.024
2247	1.006e-05	0.56	-0.016
2248	1.0070000000000002e-05	0.584	-0.064
2249	1.008e-05	0.592	-0.048
2250	1.0090000000000002e-05	0.56	0.008
2251	1.01e-05	0.464	-0.024
2252	1.0110000000000001e-05	0.464	-0.056
2253	1.012e-05	0.496	-0.032
2254	1.0130000000000001e-05	0.504	-0.008
2255	1.014e-05	0.464	-0.032
2256	1.0150000000000001e-05	0.432	-0.04
2257	1.016e-05	0.464	-0.032
2258	1.0170000000000001e-05	0.48	-0.024
2259	1.0179999999999999e-05	0.44	-0.024
2260	1.019e-05	0.432	-0.048
2261	1.0200000000000002e-05	0.464	-0.032
2262	1.021e-05	0.464	-0.016
2263	1.0220000000000002e-05	0.44	-0.04
2264	1.023e-05	0.44	-0.032
2265	1.0240000000000002e-05	0.456	-0.024
2266	1.025e-05	0.448	-0.024
2267	1.0260000000000002e-05	0.44	-0.032
2268	1.027e-05	0.44	-0.032
2269	1.0280000000000002e-05	0.456	-0.032
2270	1.029e-05	0.448	-0.024
2271	1.0300000000000001e-05	0.44	-0.032
2272	1.031e-05	0.448	-0.032
2273	1.0320000000000001e-05	0.448	-0.024
2274	1.033e-05	0.448	-0.024
2275	1.0340000000000001e-05	0.44	-0.032
2276	1.035e-05	0.448	-0.032
2277	1.036e-05	0.448	-0.024
2278	1.0370000000000002e-05	0.44	-0.032
2279	1.038e-05	0.44	-0.032
2280	1.0390000000000002e-05	0.448	-0.024
2281	1.04e-05	0.448	-0.024
2282	1.0410000000000002e-05	0.448	-0.024
2283	1.042e-05	0.448	-0.032
2284	1.0430000000000002e-05	0.448	-0.032
2285	1.044e-05	0.448	-0.032
2286	1.0450000000000002e-05	0.448	-0.032
2287	1.046e-05	0.448	-0.032
2288	1.0470000000000001e-05	0.448	-0.032
2289	1.048e-05	0.448	-0.024
2290	1.0490000000000001e-05	0.448	-0.024
2291	1.05e-05	0.448	-0.024
2292	1.0510000000000001e-05	0.448	-0.032
2293	1.052e-05	0.448	-0.024
2294	1.053e-05	0.448	-0.024
2295	1.0539999999999999e-05	0.448	-0.024
2296	1.055e-05	0.448	-0.024
2297	1.0560000000000002e-05	0.448	-0.024
2298	1.057e-05	0.448	-0.024
2299	1.0580000000000002e-05	0.448	-0.032
2300	1.059e-05	0.448	-0.024
2301	1.0600000000000002e-05	0.448	-0.024
2302	1.061e-05	0.448	-0.024
2303	1.0620000000000002e-05	0.448	-0.024
2304	1.063e-05	0.448	-0.024
2305	1.0640000000000001e-05	0.448	-0.024
2306	1.065e-05	0.448	-0.024
2307	1.0660000000000001e-05	0.448	-0.024
2308	1.067e-05	0.448	-0.024
2309	1.0680000000000001e-05	0.448	-0.024
2310	1.069e-05	0.448	-0.024
2311	1.0700000000000001e-05	0.448	-0.024
2312	1.0709999999999999e-05	0.448	-0.024
2313	1.072e-05	0.448	-0.024
2314	1.0730000000000002e-05	0.448	-0.024
2315	1.074e-05	0.448	-0.024
2316	1.0750000000000002e-05	0.448	-0.024
2317	1.076e-05	0.448	-0.024
2318	1.0770000000000002e-05	0.448	-0.024
2319	1.078e-05	0.448	-0.024
2320	1.0790000000000002e-05	0.448	-0.024
2321	1.08e-05	0.448	-0.024
2322	1.0810000000000002e-05	0.448	-0.024
2323	1.082e-05	0.448	-0.024
2324	1.0830000000000001e-05	0.448	-0.024
2325	1.084e-05	0.448	-0.024
2326	1.0850000000000001e-05	0.448	-0.024
2327	1.086e-05	0.448	-0.024
2328	1.0870000000000001e-05	0.448	-0.024
2329	1.088e-05	0.448	-0.024
2330	1.089e-05	0.448	-0.024
2331	1.0900000000000002e-05	0.448	-0.024
2332	1.091e-05	0.448	-0.024
2333	1.0920000000000002e-05	0.448	-0.024
2334	1.093e-05	0.448	-0.024
2335	1.0940000000000002e-05	0.448	-0.024
2336	1.095e-05	0.448	-0.024
2337	1.0960000000000002e-05	0.448	-0.024
2338	1.097e-05	0.448	-0.024
2339	1.0980000000000002e-05	0.448	-0.016
2340	1.099e-05	0.448	-0.016
2341	1.1000000000000001e-05	0.448	-0.016
2342	1.101e-05	0.448	-0.016
2343	1.1020000000000001e-05	0.448	-0.024
2344	1.103e-05	0.448	-0.024
2345	1.1040000000000001e-05	0.448	-0.024
2346	1.105e-05	0.448	-0.016
2347	1.106e-05	0.448	-0.016
2348	1.1069999999999999e-05	0.448	-0.016
2349	1.108e-05	0.448	-0.016
2350	1.1090000000000002e-05	0.448	-0.016
2351	1.11e-05	0.448	-0.016
2352	1.1110000000000002e-05	0.448	-0.016
2353	1.112e-05	0.448	-0.024
2354	1.1130000000000002e-05	0.448	-0.016
2355	1.114e-05	0.448	-0.016
2356	1.1150000000000002e-05	0.448	-0.016
2357	1.116e-05	0.448	-0.016
2358	1.1170000000000001e-05	0.448	-0.016
2359	1.118e-05	0.448	-0.016
2360	1.1190000000000001e-05	0.448	-0.016
2361	1.12e-05	0.448	-0.016
2362	1.1210000000000001e-05	0.448	-0.016
2363	1.122e-05	0.448	-0.016
2364	1.1230000000000001e-05	0.448	-0.016
2365	1.1239999999999999e-05	0.448	-0.016
2366	1.125e-05	0.448	-0.016
2367	1.1260000000000002e-05	0.448	-0.016
2368	1.127e-05	0.448	-0.016
2369	1.1280000000000002e-05	0.448	-0.016
2370	1.129e-05	0.448	-0.016
2371	1.1300000000000002e-05	0.448	-0.016
2372	1.131e-05	0.448	-0.016
2373	1.1320000000000002e-05	0.448	-0.016
2374	1.133e-05	0.448	-0.016
2375	1.1340000000000002e-05	0.448	-0.016
2376	1.135e-05	0.448	-0.016
2377	1.1360000000000001e-05	0.448	-0.016
2378	1.137e-05	0.448	-0.016
2379	1.1380000000000001e-05	0.448	-0.016
2380	1.139e-05	0.448	-0.016
2381	1.1400000000000001e-05	0.448	-0.016
2382	1.141e-05	0.448	-0.016
2383	1.142e-05	0.448	-0.016
2384	1.1430000000000002e-05	0.448	-0.016
2385	1.144e-05	0.448	-0.016
2386	1.1450000000000002e-05	0.448	-0.016
2387	1.146e-05	0.448	-0.008
2388	1.1470000000000002e-05	0.448	-0.016
2389	1.148e-05	0.448	-0.016
2390	1.1490000000000002e-05	0.448	-0.008
2391	1.15e-05	0.448	-0.016
2392	1.1510000000000002e-05	0.448	-0.016
2393	1.152e-05	0.448	-0.016
2394	1.1530000000000001e-05	0.448	-0.008
2395	1.154e-05	0.448	-0.008
2396	1.1550000000000001e-05	0.448	-0.008
2397	1.156e-05	0.448	-0.016
2398	1.1570000000000001e-05	0.448	-0.016
2399	1.158e-05	0.448	-0.008
2400	1.159e-05	0.448	-0.016
2401	1.1599999999999999e-05	0.448	-0.008
2402	1.161e-05	0.448	-0.008
2403	1.1620000000000002e-05	0.448	-0.008
2404	1.163e-05	0.448	-0.008
2405	1.1640000000000002e-05	0.448	-0.008
2406	1.165e-05	0.448	-0.016
2407	1.1660000000000002e-05	0.448	-0.008
2408	1.167e-05	0.448	-0.008
2409	1.1680000000000002e-05	0.448	-0.008
2410	1.169e-05	0.448	-0.008
2411	1.1700000000000001e-05	0.448	-0.008
2412	1.171e-05	0.448	-0.008
2413	1.1720000000000001e-05	0.448	-0.008
2414	1.173e-05	0.448	-0.008
2415	1.1740000000000001e-05	0.448	-0.008
2416	1.175e-05	0.448	-0.008
2417	1.1760000000000001e-05	0.448	-0.008
2418	1.1769999999999999e-05	0.448	-0.008
2419	1.178e-05	0.448	-0.008
2420	1.1790000000000002e-05	0.448	-0.008
2421	1.18e-05	0.448	-0.008
2422	1.1810000000000002e-05	0.448	-0.008
2423	1.182e-05	0.448	-0.008
2424	1.1830000000000002e-05	0.448	-0.008
2425	1.184e-05	0.448	-0.008
2426	1.1850000000000002e-05	0.448	-0.008
2427	1.186e-05	0.448	-0.008
2428	1.1870000000000002e-05	0.448	-0.008
2429	1.188e-05	0.448	-0.008
2430	1.1890000000000001e-05	0.448	-0.008
2431	1.19e-05	0.448	-0.008
2432	1.1910000000000001e-05	0.448	-0.008
2433	1.192e-05	0.448	-0.008
2434	1.1930000000000001e-05	0.448	-0.008
2435	1.194e-05	0.448	-0.008
2436	1.195e-05	0.448	-0.008
2437	1.1960000000000002e-05	0.448	-0.008
2438	1.197e-05	0.448	-0.008
2439	1.1980000000000002e-05	0.448	-0.008
2440	1.199e-05	0.448	-0.008
2441	1.2000000000000002e-05	0.448	-0.008
2442	1.201e-05	0.448	-0.008
2443	1.2020000000000002e-05	0.448	-0.008
2444	1.203e-05	0.448	-0.008
2445	1.2040000000000002e-05	0.448	0.0
2446	1.205e-05	0.448	-0.008
2447	1.2060000000000001e-05	0.448	0.0
2448	1.207e-05	0.448	0.0
2449	1.2080000000000001e-05	0.448	-0.008
2450	1.209e-05	0.448	0.0
2451	1.2100000000000001e-05	0.448	0.0
2452	1.211e-05	0.448	0.0
2453	1.2120000000000001e-05	0.448	-0.008
2454	1.2129999999999999e-05	0.448	0.0
2455	1.214e-05	0.448	0.0
2456	1.2150000000000002e-05	0.448	0.0
2457	1.216e-05	0.448	0.0
2458	1.2170000000000002e-05	0.448	-0.008
2459	1.218e-05	0.448	0.0
2460	1.2190000000000002e-05	0.448	0.0
2461	1.22e-05	0.448	0.0
2462	1.2210000000000002e-05	0.448	0.0
2463	1.222e-05	0.448	0.0
2464	1.2230000000000001e-05	0.448	0.0
2465	1.224e-05	0.448	0.0
2466	1.2250000000000001e-05	0.448	0.0
2467	1.226e-05	0.448	0.0
2468	1.2270000000000001e-05	0.448	0.0
2469	1.228e-05	0.448	0.0
2470	1.2290000000000001e-05	0.448	0.0
2471	1.2299999999999999e-05	0.448	0.0
2472	1.231e-05	0.448	0.0
2473	1.2320000000000002e-05	0.448	0.0
2474	1.233e-05	0.448	0.0
2475	1.2340000000000002e-05	0.448	0.0
2476	1.235e-05	0.448	0.0
2477	1.2360000000000002e-05	0.448	0.0
2478	1.237e-05	0.448	0.0
2479	1.2380000000000002e-05	0.448	0.0
2480	1.239e-05	0.448	0.0
2481	1.2400000000000002e-05	0.448	0.0
2482	1.241e-05	0.448	0.0
2483	1.2420000000000001e-05	0.448	0.0
2484	1.243e-05	0.448	0.0
2485	1.2440000000000001e-05	0.448	0.0
2486	1.245e-05	0.448	0.0
2487	1.2460000000000001e-05	0.448	0.0
2488	1.247e-05	0.448	0.0
2489	1.248e-05	0.448	0.0
2490	1.2490000000000002e-05	0.448	0.0
2491	1.25e-05	0.448	0.0
2492	1.2510000000000002e-05	0.448	0.0
2493	1.252e-05	0.448	0.0
2494	1.2530000000000002e-05	0.448	0.0
2495	1.254e-05	0.448	0.0
2496	1.2550000000000002e-05	0.448	0.0
2497	1.256e-05	0.448	0.0
2498	1.2570000000000002e-05	0.448	0.0
2499	1.258e-05	0.448	0.0
